0	0	1.734700	0.000000	0.000000	0.000000
1	0	1.848700	0.098000	0.212000	0.114000
2	1	0.000000	0.000000	0.000000	0.114000
3	1	0.000000	0.000000	0.000000	0.114000
4	1	0.000000	0.132000	0.000000	-0.018000
5	1	0.000000	0.000000	0.000000	-0.018000
6	1	0.000000	0.000000	0.000000	-0.018000
7	1	0.000000	0.000000	0.000000	-0.018000
8	0	2.107700	0.136000	0.000000	0.373000
9	1	0.000000	0.000000	0.000000	0.373000
10	1	0.000000	0.001000	0.000000	0.372000
11	0	2.327700	0.000000	0.000000	0.593000
12	1	0.000000	0.127000	0.000000	0.466000
13	1	0.000000	0.001000	0.000000	0.465000
14	1	0.000000	0.000000	0.000000	0.465000
15	1	0.000000	0.000000	0.000000	0.465000
16	1	0.000000	0.132000	0.000000	0.333000
17	1	0.000000	0.005000	0.000000	0.328000
18	0	2.417700	0.000000	0.000000	0.683000
19	1	0.000000	0.001000	0.000000	0.682000
20	1	0.000000	0.125000	0.000000	0.557000
21	1	0.000000	0.000000	0.000000	0.557000
22	1	0.000000	0.000000	0.000000	0.557000
23	1	0.000000	0.000000	0.000000	0.557000
24	1	0.000000	0.132000	0.000000	0.425000
25	1	0.000000	0.001000	0.000000	0.424000
26	1	0.000000	0.000000	0.000000	0.424000
27	1	0.000000	0.000000	0.000000	0.424000
28	1	0.000000	0.131000	0.000000	0.293000
29	1	0.000000	0.012000	0.000000	0.281000
30	1	0.000000	0.000000	0.000000	0.281000
31	1	0.000000	0.000000	0.000000	0.281000
32	1	0.000000	0.120000	0.000000	0.161000
33	1	0.000000	0.000000	0.000000	0.161000
34	1	0.000000	0.000000	0.000000	0.161000
35	1	0.000000	0.000000	0.000000	0.161000
36	1	0.000000	0.066000	0.000000	0.095000
37	1	0.000000	0.000000	0.000000	0.095000
38	1	0.000000	0.146000	0.000000	-0.051000
39	1	0.000000	0.000000	0.000000	-0.051000
40	1	0.000000	0.000000	0.000000	-0.051000
41	1	0.000000	0.000000	0.000000	-0.051000
42	1	0.000000	0.118000	0.000000	-0.169000
43	1	0.000000	0.000000	0.000000	-0.169000
44	1	0.000000	0.000000	0.000000	-0.169000
45	1	0.000000	0.000000	0.000000	-0.169000
46	1	0.000000	0.132000	0.000000	-0.301000
47	1	0.000000	0.000000	0.000000	-0.301000
48	1	0.000000	0.000000	0.000000	-0.301000
49	1	0.000000	0.000000	0.000000	-0.301000
50	1	0.000000	0.131000	0.000000	-0.432000
51	1	0.000000	0.000000	0.000000	-0.432000
52	1	0.000000	0.000000	0.000000	-0.432000
53	1	0.000000	0.000000	0.000000	-0.432000
54	1	0.000000	0.133000	0.000000	-0.565000
55	1	0.000000	0.000000	0.000000	-0.565000
56	1	0.000000	0.000000	0.000000	-0.565000
57	1	0.000000	0.000000	0.000000	-0.565000
58	1	0.000000	0.132000	0.000000	-0.697000
59	1	0.000000	0.000000	0.000000	-0.697000
60	1	0.000000	0.000000	0.000000	-0.697000
61	1	0.000000	0.000000	0.000000	-0.697000
62	1	0.000000	0.087000	0.000000	-0.784000
63	1	0.000000	0.000000	0.000000	-0.784000
64	1	0.000000	0.110000	0.000000	-0.894000
65	0	2.473700	0.023000	0.000000	0.739000
66	1	0.000000	0.000000	0.000000	0.739000
67	1	0.000000	0.000000	0.000000	0.739000
68	1	0.000000	0.111000	0.000000	0.628000
69	1	0.000000	0.000000	0.000000	0.628000
70	1	0.000000	0.000000	0.000000	0.628000
71	1	0.000000	0.000000	0.000000	0.628000
72	1	0.000000	0.131000	0.000000	0.497000
73	1	0.000000	0.000000	0.000000	0.497000
74	1	0.000000	0.000000	0.000000	0.497000
75	1	0.000000	0.000000	0.000000	0.497000
76	1	0.000000	0.158000	0.000000	0.339000
77	1	0.000000	0.000000	0.000000	0.339000
78	1	0.000000	0.000000	0.000000	0.339000
79	1	0.000000	0.000000	0.000000	0.339000
80	0	2.286700	0.105000	0.000000	0.552000
81	1	0.000000	0.000000	0.000000	0.552000
82	1	0.000000	0.000000	0.000000	0.552000
83	1	0.000000	0.000000	0.000000	0.552000
84	1	0.000000	0.132000	0.000000	0.420000
85	1	0.000000	0.000000	0.000000	0.420000
86	1	0.000000	0.000000	0.000000	0.420000
87	1	0.000000	0.000000	0.000000	0.420000
88	1	0.000000	0.133000	0.000000	0.287000
89	1	0.000000	0.000000	0.000000	0.287000
90	1	0.000000	0.000000	0.000000	0.287000
91	1	0.000000	0.000000	0.000000	0.287000
92	1	0.000000	0.164000	0.000000	0.123000
93	1	0.000000	0.000000	0.000000	0.123000
94	1	0.000000	0.000000	0.000000	0.123000
95	1	0.000000	0.000000	0.000000	0.123000
96	1	0.000000	0.100000	0.000000	0.023000
97	1	0.000000	0.000000	0.000000	0.023000
98	1	0.000000	0.000000	0.000000	0.023000
99	1	0.000000	0.000000	0.000000	0.023000
100	1	0.000000	0.131000	0.000000	-0.108000
101	1	0.000000	0.000000	0.000000	-0.108000
102	1	0.000000	0.000000	0.000000	-0.108000
103	1	0.000000	0.000000	0.000000	-0.108000
104	1	0.000000	0.133000	0.000000	-0.241000
105	1	0.000000	0.000000	0.000000	-0.241000
106	1	0.000000	0.000000	0.000000	-0.241000
107	1	0.000000	0.000000	0.000000	-0.241000
108	1	0.000000	0.131000	0.000000	-0.372000
109	1	0.000000	0.000000	0.000000	-0.372000
110	1	0.000000	0.000000	0.000000	-0.372000
111	1	0.000000	0.000000	0.000000	-0.372000
112	1	0.000000	0.132000	0.000000	-0.504000
113	1	0.000000	0.000000	0.000000	-0.504000
114	1	0.000000	0.000000	0.000000	-0.504000
115	1	0.000000	0.000000	0.000000	-0.504000
116	1	0.000000	0.133000	0.000000	-0.637000
117	1	0.000000	0.000000	0.000000	-0.637000
118	1	0.000000	0.000000	0.000000	-0.637000
119	1	0.000000	0.000000	0.000000	-0.637000
120	1	0.000000	0.132000	0.000000	-0.769000
121	1	0.000000	0.000000	0.000000	-0.769000
122	1	0.000000	0.000000	0.000000	-0.769000
123	1	0.000000	0.000000	0.000000	-0.769000
124	1	0.000000	0.132000	0.000000	-0.901000
125	1	0.000000	0.000000	0.000000	-0.901000
126	1	0.000000	0.000000	0.000000	-0.901000
127	1	0.000000	0.000000	0.000000	-0.901000
128	1	0.000000	0.132000	0.000000	-1.033000
129	1	0.000000	0.000000	0.000000	-1.033000
130	1	0.000000	0.000000	0.000000	-1.033000
131	1	0.000000	0.000000	0.000000	-1.033000
132	1	0.000000	0.132000	0.000000	-1.165000
133	1	0.000000	0.000000	0.000000	-1.165000
134	1	0.000000	0.000000	0.000000	-1.165000
135	1	0.000000	0.000000	0.000000	-1.165000
136	1	0.000000	0.132000	0.000000	-1.297000
137	1	0.000000	0.001000	0.000000	-1.298000
138	1	0.000000	0.000000	0.000000	-1.298000
139	1	0.000000	0.000000	0.000000	-1.298000
140	1	0.000000	0.131000	0.000000	-1.429000
141	1	0.000000	0.000000	0.000000	-1.429000
142	1	0.000000	0.000000	0.000000	-1.429000
143	1	0.000000	0.000000	0.000000	-1.429000
144	1	0.000000	0.131000	0.000000	-1.560000
145	1	0.000000	0.001000	0.000000	-1.561000
146	1	0.000000	0.000000	0.000000	-1.561000
147	1	0.000000	0.000000	0.000000	-1.561000
148	1	0.000000	0.132000	0.000000	-1.693000
149	1	0.000000	0.000000	0.000000	-1.693000
150	1	0.000000	0.000000	0.000000	-1.693000
151	1	0.000000	0.000000	0.000000	-1.693000
152	1	0.000000	0.050000	0.000000	-1.743000
153	1	0.000000	0.115000	0.000000	-1.858000
154	1	0.000000	0.000000	0.000000	-1.858000
155	1	0.000000	0.000000	0.000000	-1.858000
156	1	0.000000	0.000000	0.000000	-1.858000
157	1	0.000000	0.132000	0.000000	-1.990000
158	1	0.000000	0.000000	0.000000	-1.990000
159	1	0.000000	0.000000	0.000000	-1.990000
160	1	0.000000	0.000000	0.000000	-1.990000
161	1	0.000000	0.131000	0.000000	-2.121000
162	1	0.000000	0.000000	0.000000	-2.121000
163	1	0.000000	0.000000	0.000000	-2.121000
164	1	0.000000	0.000000	0.000000	-2.121000
165	1	0.000000	0.132000	0.000000	-2.253000
166	1	0.000000	0.000000	0.000000	-2.253000
167	1	0.000000	0.001000	0.000000	-2.254000
168	1	0.000000	0.000000	0.000000	-2.254000
169	1	0.000000	0.132000	0.000000	-2.386000
170	1	0.000000	0.000000	0.000000	-2.386000
171	1	0.000000	0.000000	0.000000	-2.386000
172	1	0.000000	0.000000	0.000000	-2.386000
173	1	0.000000	0.057000	0.000000	-2.443000
174	1	0.000000	0.108000	0.000000	-2.551000
175	1	0.000000	0.000000	0.000000	-2.551000
176	1	0.000000	0.000000	0.000000	-2.551000
177	1	0.000000	0.000000	0.000000	-2.551000
178	1	0.000000	0.132000	0.000000	-2.683000
179	1	0.000000	0.000000	0.000000	-2.683000
180	1	0.000000	0.000000	0.000000	-2.683000
181	1	0.000000	0.000000	0.000000	-2.683000
182	1	0.000000	0.194000	0.000000	-2.877000
183	1	0.000000	0.000000	0.000000	-2.877000
184	1	0.000000	0.000000	0.000000	-2.877000
185	1	0.000000	0.000000	0.000000	-2.877000
186	1	0.000000	0.069000	0.000000	-2.946000
187	1	0.000000	0.000000	0.000000	-2.946000
188	1	0.000000	0.000000	0.000000	-2.946000
189	1	0.000000	0.000000	0.000000	-2.946000
190	1	0.000000	0.197000	0.000000	-3.143000
191	1	0.000000	0.000000	0.000000	-3.143000
192	1	0.000000	0.000000	0.000000	-3.143000
193	1	0.000000	0.000000	0.000000	-3.143000
194	1	0.000000	0.035000	0.000000	-3.178000
195	0	1.244700	0.065000	0.000000	-0.490000
196	1	0.000000	0.000000	0.000000	-0.490000
197	1	0.000000	0.067000	0.000000	-0.557000
198	1	0.000000	0.000000	0.000000	-0.557000
199	1	0.000000	0.000000	0.000000	-0.557000
200	1	0.000000	0.000000	0.000000	-0.557000
201	0	1.210700	0.132000	0.000000	-0.524000
202	1	0.000000	0.000000	0.000000	-0.524000
203	1	0.000000	0.000000	0.000000	-0.524000
204	1	0.000000	0.000000	0.000000	-0.524000
205	1	0.000000	0.068000	0.000000	-0.592000
206	1	0.000000	0.000000	0.000000	-0.592000
207	1	0.000000	0.068000	0.000000	-0.660000
208	1	0.000000	0.095000	0.000000	-0.755000
209	1	0.000000	0.000000	0.000000	-0.755000
210	1	0.000000	0.000000	0.000000	-0.755000
211	1	0.000000	0.000000	0.000000	-0.755000
212	1	0.000000	0.099000	0.000000	-0.854000
213	1	0.000000	0.000000	0.000000	-0.854000
214	1	0.000000	0.000000	0.000000	-0.854000
215	1	0.000000	0.071000	0.000000	-0.925000
216	1	0.000000	0.000000	0.000000	-0.925000
217	1	0.000000	0.127000	0.000000	-1.052000
218	1	0.000000	0.000000	0.000000	-1.052000
219	1	0.000000	0.000000	0.000000	-1.052000
220	1	0.000000	0.000000	0.000000	-1.052000
221	1	0.000000	0.132000	0.000000	-1.184000
222	1	0.000000	0.000000	0.000000	-1.184000
223	1	0.000000	0.000000	0.000000	-1.184000
224	1	0.000000	0.000000	0.000000	-1.184000
225	1	0.000000	0.132000	0.000000	-1.316000
226	1	0.000000	0.000000	0.000000	-1.316000
227	1	0.000000	0.000000	0.000000	-1.316000
228	1	0.000000	0.000000	0.000000	-1.316000
229	1	0.000000	0.132000	0.000000	-1.448000
230	1	0.000000	0.000000	0.000000	-1.448000
231	1	0.000000	0.000000	0.000000	-1.448000
232	1	0.000000	0.000000	0.000000	-1.448000
233	1	0.000000	0.132000	0.000000	-1.580000
234	1	0.000000	0.000000	0.000000	-1.580000
235	1	0.000000	0.000000	0.000000	-1.580000
236	1	0.000000	0.000000	0.000000	-1.580000
237	1	0.000000	0.132000	0.000000	-1.712000
238	1	0.000000	0.000000	0.000000	-1.712000
239	1	0.000000	0.000000	0.000000	-1.712000
240	1	0.000000	0.000000	0.000000	-1.712000
241	1	0.000000	0.080000	0.000000	-1.792000
242	1	0.000000	0.084000	0.000000	-1.876000
243	1	0.000000	0.000000	0.000000	-1.876000
244	1	0.000000	0.000000	0.000000	-1.876000
245	1	0.000000	0.000000	0.000000	-1.876000
246	1	0.000000	0.183000	0.000000	-2.059000
247	1	0.000000	0.000000	0.000000	-2.059000
248	1	0.000000	0.000000	0.000000	-2.059000
249	1	0.000000	0.049000	0.000000	-2.108000
250	1	0.000000	0.000000	0.000000	-2.108000
251	1	0.000000	0.000000	0.000000	-2.108000
252	1	0.000000	0.000000	0.000000	-2.108000
253	1	0.000000	0.131000	0.000000	-2.239000
254	1	0.000000	0.000000	0.000000	-2.239000
255	1	0.000000	0.000000	0.000000	-2.239000
256	1	0.000000	0.000000	0.000000	-2.239000
257	1	0.000000	0.086000	0.000000	-2.325000
258	1	0.000000	0.000000	0.000000	-2.325000
259	1	0.000000	0.067000	0.000000	-2.392000
260	1	0.000000	0.000000	0.000000	-2.392000
261	1	0.000000	0.112000	0.000000	-2.504000
262	1	0.000000	0.000000	0.000000	-2.504000
263	1	0.000000	0.000000	0.000000	-2.504000
264	1	0.000000	0.000000	0.000000	-2.504000
265	1	0.000000	0.132000	0.000000	-2.636000
266	1	0.000000	0.000000	0.000000	-2.636000
267	1	0.000000	0.000000	0.000000	-2.636000
268	1	0.000000	0.000000	0.000000	-2.636000
269	1	0.000000	0.131000	0.000000	-2.767000
270	1	0.000000	0.000000	0.000000	-2.767000
271	1	0.000000	0.001000	0.000000	-2.768000
272	1	0.000000	0.000000	0.000000	-2.768000
273	1	0.000000	0.132000	0.000000	-2.900000
274	1	0.000000	0.000000	0.000000	-2.900000
275	1	0.000000	0.000000	0.000000	-2.900000
276	1	0.000000	0.000000	0.000000	-2.900000
277	1	0.000000	0.132000	0.000000	-3.032000
278	1	0.000000	0.000000	0.000000	-3.032000
279	0	1.768700	0.000000	0.000000	0.034000
280	1	0.000000	0.000000	0.000000	0.034000
281	1	0.000000	0.132000	0.000000	-0.098000
282	1	0.000000	0.000000	0.000000	-0.098000
283	1	0.000000	0.000000	0.000000	-0.098000
284	1	0.000000	0.000000	0.000000	-0.098000
285	1	0.000000	0.131000	0.000000	-0.229000
286	1	0.000000	0.000000	0.000000	-0.229000
287	1	0.000000	0.000000	0.000000	-0.229000
288	1	0.000000	0.000000	0.000000	-0.229000
289	1	0.000000	0.132000	0.000000	-0.361000
290	1	0.000000	0.000000	0.000000	-0.361000
291	1	0.000000	0.000000	0.000000	-0.361000
292	1	0.000000	0.000000	0.000000	-0.361000
293	1	0.000000	0.133000	0.000000	-0.494000
294	1	0.000000	0.000000	0.000000	-0.494000
295	1	0.000000	0.000000	0.000000	-0.494000
296	1	0.000000	0.000000	0.000000	-0.494000
297	1	0.000000	0.099000	0.000000	-0.593000
298	1	0.000000	0.000000	0.000000	-0.593000
299	1	0.000000	0.000000	0.000000	-0.593000
300	1	0.000000	0.100000	0.000000	-0.693000
301	1	0.000000	0.000000	0.000000	-0.693000
302	1	0.000000	0.098000	0.000000	-0.791000
303	1	0.000000	0.000000	0.000000	-0.791000
304	1	0.000000	0.000000	0.000000	-0.791000
305	1	0.000000	0.000000	0.000000	-0.791000
306	0	1.758700	0.102000	0.000000	0.024000
307	1	0.000000	0.000000	0.000000	0.024000
308	1	0.000000	0.000000	0.000000	0.024000
309	1	0.000000	0.128000	0.000000	-0.104000
310	1	0.000000	0.001000	0.000000	-0.105000
311	1	0.000000	0.000000	0.000000	-0.105000
312	1	0.000000	0.000000	0.000000	-0.105000
313	1	0.000000	0.104000	0.000000	-0.209000
314	1	0.000000	0.000000	0.000000	-0.209000
315	1	0.000000	0.000000	0.000000	-0.209000
316	1	0.000000	0.127000	0.000000	-0.336000
317	1	0.000000	0.000000	0.000000	-0.336000
318	1	0.000000	0.000000	0.000000	-0.336000
319	1	0.000000	0.000000	0.000000	-0.336000
320	1	0.000000	0.132000	0.000000	-0.468000
321	1	0.000000	0.000000	0.000000	-0.468000
322	1	0.000000	0.000000	0.000000	-0.468000
323	1	0.000000	0.000000	0.000000	-0.468000
324	1	0.000000	0.132000	0.000000	-0.600000
325	1	0.000000	0.000000	0.000000	-0.600000
326	1	0.000000	0.000000	0.000000	-0.600000
327	1	0.000000	0.000000	0.000000	-0.600000
328	1	0.000000	0.131000	0.000000	-0.731000
329	1	0.000000	0.000000	0.000000	-0.731000
330	1	0.000000	0.000000	0.000000	-0.731000
331	1	0.000000	0.000000	0.000000	-0.731000
332	1	0.000000	0.133000	0.000000	-0.864000
333	1	0.000000	0.000000	0.000000	-0.864000
334	1	0.000000	0.000000	0.000000	-0.864000
335	1	0.000000	0.000000	0.000000	-0.864000
336	1	0.000000	0.245000	0.000000	-1.109000
337	1	0.000000	0.000000	0.000000	-1.109000
338	1	0.000000	0.000000	0.000000	-1.109000
339	1	0.000000	0.000000	0.000000	-1.109000
340	1	0.000000	0.019000	0.000000	-1.128000
341	1	0.000000	0.000000	0.000000	-1.128000
342	1	0.000000	0.000000	0.000000	-1.128000
343	1	0.000000	0.000000	0.000000	-1.128000
344	1	0.000000	0.132000	0.000000	-1.260000
345	1	0.000000	0.000000	0.000000	-1.260000
346	1	0.000000	0.000000	0.000000	-1.260000
347	1	0.000000	0.000000	0.000000	-1.260000
348	1	0.000000	0.116000	0.000000	-1.376000
349	1	0.000000	0.000000	0.000000	-1.376000
350	1	0.000000	0.000000	0.000000	-1.376000
351	1	0.000000	0.100000	0.000000	-1.476000
352	1	0.000000	0.000000	0.000000	-1.476000
353	1	0.000000	0.000000	0.000000	-1.476000
354	1	0.000000	0.114000	0.000000	-1.590000
355	1	0.000000	0.000000	0.000000	-1.590000
356	1	0.000000	0.000000	0.000000	-1.590000
357	1	0.000000	0.000000	0.000000	-1.590000
358	1	0.000000	0.119000	0.000000	-1.709000
359	1	0.000000	0.046000	0.000000	-1.755000
360	1	0.000000	0.000000	0.000000	-1.755000
361	1	0.000000	0.000000	0.000000	-1.755000
362	1	0.000000	0.000000	0.000000	-1.755000
363	1	0.000000	0.131000	0.000000	-1.886000
364	1	0.000000	0.000000	0.000000	-1.886000
365	1	0.000000	0.000000	0.000000	-1.886000
366	1	0.000000	0.000000	0.000000	-1.886000
367	1	0.000000	0.256000	0.000000	-2.142000
368	1	0.000000	0.000000	0.000000	-2.142000
369	1	0.000000	0.000000	0.000000	-2.142000
370	1	0.000000	0.000000	0.000000	-2.142000
371	1	0.000000	0.008000	0.000000	-2.150000
372	1	0.000000	0.000000	0.000000	-2.150000
373	1	0.000000	0.000000	0.000000	-2.150000
374	1	0.000000	0.000000	0.000000	-2.150000
375	1	0.000000	0.126000	0.000000	-2.276000
376	1	0.000000	0.033000	0.000000	-2.309000
377	1	0.000000	0.000000	0.000000	-2.309000
378	1	0.000000	0.000000	0.000000	-2.309000
379	1	0.000000	0.106000	0.000000	-2.415000
380	1	0.000000	0.000000	0.000000	-2.415000
381	1	0.000000	0.000000	0.000000	-2.415000
382	1	0.000000	0.000000	0.000000	-2.415000
383	1	0.000000	0.127000	0.000000	-2.542000
384	1	0.000000	0.000000	0.000000	-2.542000
385	1	0.000000	0.070000	0.000000	-2.612000
386	1	0.000000	0.000000	0.000000	-2.612000
387	1	0.000000	0.000000	0.000000	-2.612000
388	1	0.000000	0.000000	0.000000	-2.612000
389	1	0.000000	0.133000	0.000000	-2.745000
390	1	0.000000	0.000000	0.000000	-2.745000
391	1	0.000000	0.000000	0.000000	-2.745000
392	1	0.000000	0.000000	0.000000	-2.745000
393	1	0.000000	0.132000	0.000000	-2.877000
394	1	0.000000	0.000000	0.000000	-2.877000
395	1	0.000000	0.000000	0.000000	-2.877000
396	1	0.000000	0.000000	0.000000	-2.877000
397	1	0.000000	0.135000	0.000000	-3.012000
398	1	0.000000	0.030000	0.000000	-3.042000
399	1	0.000000	0.000000	0.000000	-3.042000
400	1	0.000000	0.000000	0.000000	-3.042000
401	1	0.000000	0.001000	0.000000	-3.043000
402	1	0.000000	0.134000	0.000000	-3.177000
403	1	0.000000	0.000000	0.000000	-3.177000
404	1	0.000000	0.000000	0.000000	-3.177000
405	1	0.000000	0.000000	0.000000	-3.177000
406	1	0.000000	0.133000	0.000000	-3.310000
407	1	0.000000	0.000000	0.000000	-3.310000
408	1	0.000000	0.000000	0.000000	-3.310000
409	1	0.000000	0.000000	0.000000	-3.310000
410	1	0.000000	0.132000	0.000000	-3.442000
411	1	0.000000	0.000000	0.000000	-3.442000
412	1	0.000000	0.000000	0.000000	-3.442000
413	1	0.000000	0.000000	0.000000	-3.442000
414	1	0.000000	0.134000	0.000000	-3.576000
415	1	0.000000	0.000000	0.000000	-3.576000
416	1	0.000000	0.000000	0.000000	-3.576000
417	1	0.000000	0.000000	0.000000	-3.576000
418	1	0.000000	0.133000	0.000000	-3.709000
419	1	0.000000	0.000000	0.000000	-3.709000
420	1	0.000000	0.000000	0.000000	-3.709000
421	1	0.000000	0.000000	0.000000	-3.709000
422	1	0.000000	0.133000	0.000000	-3.842000
423	1	0.000000	0.000000	0.000000	-3.842000
424	1	0.000000	0.000000	0.000000	-3.842000
425	1	0.000000	0.000000	0.000000	-3.842000
426	1	0.000000	0.135000	0.000000	-3.977000
427	1	0.000000	0.000000	0.000000	-3.977000
428	1	0.000000	0.000000	0.000000	-3.977000
429	1	0.000000	0.000000	0.000000	-3.977000
430	1	0.000000	0.132000	0.000000	-4.109000
431	1	0.000000	0.000000	0.000000	-4.109000
432	1	0.000000	0.000000	0.000000	-4.109000
433	0	1.106700	0.000000	0.000000	-0.628000
434	1	0.000000	0.133000	0.000000	-0.761000
435	1	0.000000	0.000000	0.000000	-0.761000
436	1	0.000000	0.000000	0.000000	-0.761000
437	1	0.000000	0.000000	0.000000	-0.761000
438	0	1.334700	0.134000	0.000000	-0.400000
439	1	0.000000	0.000000	0.000000	-0.400000
440	1	0.000000	0.000000	0.000000	-0.400000
441	1	0.000000	0.100000	0.000000	-0.500000
442	1	0.000000	0.000000	0.000000	-0.500000
443	1	0.000000	0.000000	0.000000	-0.500000
444	1	0.000000	0.100000	0.000000	-0.600000
445	1	0.000000	0.000000	0.000000	-0.600000
446	1	0.000000	0.000000	0.000000	-0.600000
447	1	0.000000	0.000000	0.000000	-0.600000
448	1	0.000000	0.133000	0.000000	-0.733000
449	1	0.000000	0.000000	0.000000	-0.733000
450	1	0.000000	0.000000	0.000000	-0.733000
451	1	0.000000	0.000000	0.000000	-0.733000
452	1	0.000000	0.133000	0.000000	-0.866000
453	1	0.000000	0.000000	0.000000	-0.866000
454	1	0.000000	0.000000	0.000000	-0.866000
455	1	0.000000	0.000000	0.000000	-0.866000
456	1	0.000000	0.134000	0.000000	-1.000000
457	1	0.000000	0.000000	0.000000	-1.000000
458	1	0.000000	0.000000	0.000000	-1.000000
459	1	0.000000	0.000000	0.000000	-1.000000
460	1	0.000000	0.133000	0.000000	-1.133000
461	1	0.000000	0.000000	0.000000	-1.133000
462	1	0.000000	0.000000	0.000000	-1.133000
463	1	0.000000	0.000000	0.000000	-1.133000
464	1	0.000000	0.133000	0.000000	-1.266000
465	1	0.000000	0.000000	0.000000	-1.266000
466	1	0.000000	0.000000	0.000000	-1.266000
467	1	0.000000	0.000000	0.000000	-1.266000
468	1	0.000000	0.134000	0.000000	-1.400000
469	1	0.000000	0.000000	0.000000	-1.400000
470	1	0.000000	0.000000	0.000000	-1.400000
471	1	0.000000	0.000000	0.000000	-1.400000
472	1	0.000000	0.133000	0.000000	-1.533000
473	1	0.000000	0.000000	0.000000	-1.533000
474	1	0.000000	0.000000	0.000000	-1.533000
475	1	0.000000	0.000000	0.000000	-1.533000
476	1	0.000000	0.133000	0.000000	-1.666000
477	1	0.000000	0.000000	0.000000	-1.666000
478	1	0.000000	0.000000	0.000000	-1.666000
479	1	0.000000	0.100000	0.000000	-1.766000
480	1	0.000000	0.000000	0.000000	-1.766000
481	1	0.000000	0.067000	0.000000	-1.833000
482	1	0.000000	0.000000	0.000000	-1.833000
483	1	0.000000	0.000000	0.000000	-1.833000
484	1	0.000000	0.000000	0.000000	-1.833000
485	1	0.000000	0.133000	0.000000	-1.966000
486	1	0.000000	0.000000	0.000000	-1.966000
487	1	0.000000	0.000000	0.000000	-1.966000
488	1	0.000000	0.000000	0.000000	-1.966000
489	1	0.000000	0.134000	0.000000	-2.100000
490	1	0.000000	0.000000	0.000000	-2.100000
491	1	0.000000	0.000000	0.000000	-2.100000
492	0	1.667700	0.000000	0.000000	-0.067000
493	1	0.000000	0.133000	0.000000	-0.200000
494	1	0.000000	0.000000	0.000000	-0.200000
495	1	0.000000	0.000000	0.000000	-0.200000
496	1	0.000000	0.000000	0.000000	-0.200000
497	1	0.000000	0.133000	0.000000	-0.333000
498	1	0.000000	0.000000	0.000000	-0.333000
499	1	0.000000	0.000000	0.000000	-0.333000
500	1	0.000000	0.000000	0.000000	-0.333000
501	1	0.000000	0.134000	0.000000	-0.467000
502	1	0.000000	0.000000	0.000000	-0.467000
503	1	0.000000	0.000000	0.000000	-0.467000
504	1	0.000000	0.000000	0.000000	-0.467000
505	1	0.000000	0.133000	0.000000	-0.600000
506	1	0.000000	0.000000	0.000000	-0.600000
507	1	0.000000	0.000000	0.000000	-0.600000
508	1	0.000000	0.000000	0.000000	-0.600000
509	1	0.000000	0.133000	0.000000	-0.733000
510	1	0.000000	0.000000	0.000000	-0.733000
511	1	0.000000	0.000000	0.000000	-0.733000
512	1	0.000000	0.000000	0.000000	-0.733000
513	1	0.000000	0.134000	0.000000	-0.867000
514	1	0.000000	0.000000	0.000000	-0.867000
515	1	0.000000	0.000000	0.000000	-0.867000
516	1	0.000000	0.000000	0.000000	-0.867000
517	1	0.000000	0.133000	0.000000	-1.000000
518	1	0.000000	0.000000	0.000000	-1.000000
519	1	0.000000	0.000000	0.000000	-1.000000
520	1	0.000000	0.000000	0.000000	-1.000000
521	1	0.000000	0.133000	0.000000	-1.133000
522	1	0.000000	0.000000	0.000000	-1.133000
523	1	0.000000	0.000000	0.000000	-1.133000
524	1	0.000000	0.000000	0.000000	-1.133000
525	1	0.000000	0.134000	0.000000	-1.267000
526	1	0.000000	0.000000	0.000000	-1.267000
527	1	0.000000	0.000000	0.000000	-1.267000
528	1	0.000000	0.000000	0.000000	-1.267000
529	1	0.000000	0.133000	0.000000	-1.400000
530	1	0.000000	0.000000	0.000000	-1.400000
531	1	0.000000	0.000000	0.000000	-1.400000
532	0	1.397700	0.000000	0.000000	-0.337000
533	1	0.000000	0.133000	0.000000	-0.470000
534	1	0.000000	0.000000	0.000000	-0.470000
535	1	0.000000	0.000000	0.000000	-0.470000
536	1	0.000000	0.000000	0.000000	-0.470000
537	1	0.000000	0.134000	0.000000	-0.604000
538	1	0.000000	0.000000	0.000000	-0.604000
539	1	0.000000	0.000000	0.000000	-0.604000
540	1	0.000000	0.000000	0.000000	-0.604000
541	1	0.000000	0.133000	0.000000	-0.737000
542	1	0.000000	0.000000	0.000000	-0.737000
543	1	0.000000	0.067000	0.000000	-0.804000
544	1	0.000000	0.000000	0.000000	-0.804000
545	1	0.000000	0.000000	0.000000	-0.804000
546	1	0.000000	0.000000	0.000000	-0.804000
547	1	0.000000	0.133000	0.000000	-0.937000
548	1	0.000000	0.000000	0.000000	-0.937000
549	1	0.000000	0.000000	0.000000	-0.937000
550	1	0.000000	0.000000	0.000000	-0.937000
551	1	0.000000	0.000000	0.000000	-0.937000
552	1	0.000000	0.167000	0.000000	-1.104000
553	1	0.000000	0.000000	0.000000	-1.104000
554	1	0.000000	0.000000	0.000000	-1.104000
555	1	0.000000	0.000000	0.000000	-1.104000
556	1	0.000000	0.133000	0.000000	-1.237000
557	1	0.000000	0.000000	0.000000	-1.237000
558	1	0.000000	0.000000	0.000000	-1.237000
559	1	0.000000	0.000000	0.000000	-1.237000
560	1	0.000000	0.133000	0.000000	-1.370000
561	1	0.000000	0.000000	0.000000	-1.370000
562	1	0.000000	0.000000	0.000000	-1.370000
563	1	0.000000	0.000000	0.000000	-1.370000
564	1	0.000000	0.134000	0.000000	-1.504000
565	1	0.000000	0.000000	0.000000	-1.504000
566	1	0.000000	0.000000	0.000000	-1.504000
567	1	0.000000	0.000000	0.000000	-1.504000
568	1	0.000000	0.133000	0.000000	-1.637000
569	1	0.000000	0.000000	0.000000	-1.637000
570	1	0.000000	0.000000	0.000000	-1.637000
571	1	0.000000	0.000000	0.000000	-1.637000
572	1	0.000000	0.133000	0.000000	-1.770000
573	1	0.000000	0.000000	0.000000	-1.770000
574	1	0.000000	0.000000	0.000000	-1.770000
575	1	0.000000	0.000000	0.000000	-1.770000
576	1	0.000000	0.134000	0.000000	-1.904000
577	1	0.000000	0.000000	0.000000	-1.904000
578	1	0.000000	0.000000	0.000000	-1.904000
579	1	0.000000	0.000000	0.000000	-1.904000
580	1	0.000000	0.133000	0.000000	-2.037000
581	1	0.000000	0.000000	0.000000	-2.037000
582	1	0.000000	0.000000	0.000000	-2.037000
583	1	0.000000	0.000000	0.000000	-2.037000
584	1	0.000000	0.134000	0.000000	-2.171000
585	1	0.000000	0.000000	0.000000	-2.171000
586	1	0.000000	0.000000	0.000000	-2.171000
587	1	0.000000	0.000000	0.000000	-2.171000
588	1	0.000000	0.133000	0.000000	-2.304000
589	1	0.000000	0.000000	0.000000	-2.304000
590	1	0.000000	0.000000	0.000000	-2.304000
591	1	0.000000	0.000000	0.000000	-2.304000
592	1	0.000000	0.133000	0.000000	-2.437000
593	1	0.000000	0.000000	0.000000	-2.437000
594	1	0.000000	0.000000	0.000000	-2.437000
595	1	0.000000	0.000000	0.000000	-2.437000
596	1	0.000000	0.133000	0.000000	-2.570000
597	1	0.000000	0.000000	0.000000	-2.570000
598	1	0.000000	0.000000	0.000000	-2.570000
599	1	0.000000	0.000000	0.000000	-2.570000
