39.183
32.289
22.229
38.398
32.210
28.874
27.442
26.579
25.843
25.144
25.686
29.175
24.584
24.559
24.581
26.842
26.485
26.577
26.354
26.356
25.987
25.400
25.179
24.826
24.774
24.760
24.740
23.884
23.911
19.219
24.594
24.594
22.986
22.818
22.623
23.330
23.203
23.165
20.611
22.821
22.749
22.712
22.553
22.864
22.998
23.072
23.027
22.857
22.598
22.365
22.183
21.933
21.652
21.445
21.269
21.123
21.000
20.800
20.674
20.526
20.375
19.737
20.153
17.520
18.405
18.392
18.494
20.009
19.900
19.894
19.818
19.754
19.671
19.596
19.299
19.495
19.451
19.419
19.403
19.331
19.332
19.380
19.382
19.352
19.349
19.302
19.243
19.257
19.238
18.867
19.196
19.186
19.210
19.260
19.335
19.412
19.493
19.575
19.630
19.634
19.666
19.727
19.780
19.837
19.945
20.087
20.271
20.440
20.618
20.746
20.822
20.904
20.917
20.845
20.728
20.600
20.493
20.404
20.312
20.115
16.200
20.067
19.988
19.907
19.493
19.939
20.024
20.069
20.156
20.252
20.313
20.316
20.329
20.308
20.221
20.200
20.165
20.110
20.136
20.081
20.044
20.029
20.026
20.084
20.097
20.113
20.143
19.744
20.221
20.246
20.270
20.442
20.473
17.220
20.536
20.601
20.641
20.701
20.749
20.819
20.892
20.999
21.082
21.241
21.349
18.567
21.432
21.456
21.407
17.878
21.263
21.179
21.059
20.977
18.988
20.828
20.801
20.597
18.960
20.532
20.548
20.598
20.314
20.597
20.590
20.647
20.200
20.561
20.514
20.451
20.373
20.289
20.175
20.069
19.919
19.816
19.707
15.120
18.776
19.502
19.503
19.158
19.450
19.447
19.259
19.616
19.270
17.980
17.951
19.527
19.499
19.465
19.422
19.223
19.486
19.440
18.085
16.669
19.194
19.134
19.228
19.214
19.202
19.184
19.045
18.894
18.726
18.600
18.507
18.411
18.328
18.292
18.260
17.839
18.231
18.200
18.170
18.147
18.113
17.723
18.046
18.030
17.484
17.503
17.824
17.988
17.961
16.776
17.894
17.945
17.958
17.950
17.969
17.967
17.970
17.973
17.975
17.975
17.973
10.679
17.880
17.278
17.857
17.863
18.039
18.048
18.050
18.066
18.083
17.271
18.136
18.178
18.180
18.183
14.620
18.182
17.779
18.309
18.305
18.314
18.173
16.274
18.448
18.553
18.472
18.480
18.496
18.529
15.257
18.723
18.742
18.805
18.500
19.140
18.757
18.682
19.137
19.170
19.149
19.136
14.296
19.107
19.031
18.887
18.840
18.943
18.897
18.810
18.746
17.966
18.410
18.321
18.307
18.150
13.517
18.004
16.208
15.813
16.950
17.943
18.009
18.084
18.131
18.052
17.975
17.890
17.815
17.780
17.758
17.743
17.716
17.698
17.257
17.714
17.712
17.736
16.907
17.794
17.913
17.964
17.997
17.986
17.982
17.886
17.455
17.156
15.183
17.560
17.354
18.725
18.021
10.506
18.041
18.045
16.986
18.019
18.031
18.066
12.352
18.184
17.479
18.207
15.323
16.214
16.176
16.473
15.947
16.039
16.020
16.119
16.175
15.727
15.522
15.571
14.539
16.585
16.645
15.198
16.845
16.123
16.922
16.236
16.850
16.949
16.847
14.912
16.929
16.616
16.302
16.813
16.733
16.670
16.465
15.584
13.893
16.209
15.584
12.460
16.125
16.069
16.078
16.075
16.014
15.904
15.834
15.761
14.893
15.729
15.471
15.726
15.345
15.755
15.843
15.960
15.825
16.015
15.663
14.373
16.209
16.219
16.226
16.231
16.201
16.161
16.072
15.904
15.964
15.925
15.831
15.899
15.894
15.802
15.938
15.618
16.208
16.299
16.181
16.275
15.963
16.591
11.227
16.686
16.360
16.353
16.404
16.497
16.562
15.907
16.756
16.757
16.676
16.547
15.272
16.375
15.986
15.586
15.736
15.496
15.289
15.125
14.975
14.837
14.737
14.813
13.916
14.753
14.731
14.729
14.719
14.679
14.738
13.696
14.856
14.825
15.000
11.578
14.912
15.088
14.604
13.682
15.205
12.899
15.360
15.404
15.390
15.200
15.347
15.366
15.184
14.636
15.241
15.159
15.090
15.038
14.996
14.942
14.888
14.772
14.859
14.886
14.666
15.079
15.066
15.098
15.135
15.304
15.369
15.448
15.022
15.676
15.454
12.584
15.392
13.986
15.375
15.668
15.746
15.410
15.784
15.796
15.817
15.612
15.863
15.931
15.834
15.605
15.995
16.127
16.266
16.385
16.423
16.446
16.479
16.463
16.531
16.423
16.448
16.352
16.332
16.299
16.243
16.463
16.464
14.774
16.423
16.434
16.369
16.206
16.040
15.944
14.920
14.760
16.065
15.989
15.848
15.634
15.717
15.627
13.512
15.535
15.514
15.554
15.629
15.578
15.571
15.583
15.913
16.038
16.149
16.245
16.274
16.307
16.372
16.424
16.104
16.425
16.476
16.591
16.302
15.729
16.181
17.128
17.198
16.472
17.009
17.172
17.101
17.067
17.116
17.143
17.226
17.185
17.215
17.169
17.118
17.090
17.100
17.119
17.128
14.940
