39.183
32.289
22.229
38.398
32.210
28.874
27.442
26.579
25.843
25.144
25.073
22.082
19.532
23.368
23.455
23.578
23.701
23.930
24.027
23.747
23.449
23.079
22.931
22.816
22.773
22.743
22.738
22.338
22.697
18.263
21.986
21.100
22.314
22.187
22.036
21.840
21.872
21.789
18.791
21.589
21.520
21.488
20.983
21.587
21.666
21.676
21.754
21.924
22.045
22.136
22.147
22.160
22.094
22.058
21.859
21.684
21.538
21.530
21.383
21.218
21.014
19.981
20.722
19.252
18.464
18.432
18.455
19.032
18.985
18.936
18.869
18.809
18.743
18.693
18.166
18.607
18.574
18.554
18.515
18.517
18.556
18.647
18.698
18.662
18.674
18.645
18.601
18.607
18.585
18.296
18.529
18.492
18.493
18.515
18.579
18.654
18.750
18.854
18.932
18.919
18.974
19.044
19.101
19.102
19.140
19.150
19.130
19.095
19.053
19.004
18.920
18.880
18.852
18.819
18.797
18.753
18.713
18.677
18.619
18.432
15.307
18.502
18.463
18.441
17.965
18.575
18.698
18.755
18.870
19.007
19.083
19.046
19.055
19.042
18.930
18.887
18.776
18.670
18.581
18.624
18.568
18.537
18.507
18.551
18.544
18.546
18.556
18.138
18.697
18.720
18.736
18.818
18.831
16.145
18.852
18.870
18.857
18.870
18.875
18.899
18.925
18.975
19.027
19.108
19.177
17.064
19.331
19.432
19.519
16.825
19.676
19.765
19.821
19.860
18.183
19.828
19.794
19.566
18.069
19.528
19.568
19.614
19.471
19.733
19.768
19.796
19.491
19.776
19.745
19.692
19.603
19.506
19.382
19.340
19.214
19.122
19.044
14.645
18.039
18.867
18.897
18.503
18.856
18.855
18.785
19.070
18.672
17.335
17.492
18.999
19.007
19.029
19.035
18.903
19.112
19.132
17.791
16.432
18.961
18.916
18.829
18.845
18.861
18.866
18.737
18.603
18.452
18.323
18.259
18.152
18.067
18.034
18.009
17.576
17.992
17.969
17.951
17.940
17.927
17.591
17.915
17.913
17.357
17.418
17.699
17.848
17.818
16.643
17.762
17.822
17.837
17.825
17.829
17.821
17.827
17.842
17.853
17.869
17.877
10.612
17.774
17.158
17.715
17.718
17.916
17.922
17.919
17.921
17.913
17.083
17.895
17.901
17.875
17.862
14.355
17.833
17.445
17.968
17.932
17.919
17.747
15.895
18.006
18.114
18.033
18.037
18.046
18.076
14.974
18.284
18.368
18.433
18.064
18.643
18.296
18.070
18.506
18.514
18.476
18.445
13.899
18.412
18.332
18.191
18.147
18.253
18.217
18.144
18.094
17.349
17.928
17.835
17.684
17.531
13.037
17.398
15.609
15.346
16.450
17.359
17.427
17.500
17.551
17.464
17.396
17.317
17.237
17.184
17.143
17.111
17.072
17.039
16.611
17.030
17.025
17.040
16.303
17.092
17.184
17.273
17.329
17.336
17.342
17.268
16.934
16.610
14.688
17.099
15.746
17.616
17.468
10.267
17.491
17.492
16.535
17.469
17.468
17.504
11.998
17.611
16.860
17.625
14.941
15.805
15.772
16.061
15.576
15.664
15.642
15.745
15.807
15.383
15.209
15.261
14.222
16.262
16.331
14.938
16.565
15.881
16.696
16.016
16.637
16.746
16.642
14.749
16.761
16.451
16.087
16.602
16.513
16.449
16.241
15.338
13.689
15.957
15.296
12.197
15.835
15.766
15.757
15.738
15.669
15.552
15.474
15.321
14.379
15.197
14.942
15.264
14.992
15.400
15.493
15.617
15.479
15.655
15.323
14.115
15.880
15.906
15.918
15.931
15.907
15.872
15.781
15.606
15.652
15.607
15.508
15.558
15.554
15.459
15.590
15.295
15.861
15.960
15.862
15.933
15.641
16.209
11.096
16.357
16.082
16.194
16.258
16.361
16.438
15.790
16.631
16.640
16.567
16.446
15.821
16.276
15.894
15.484
15.638
15.369
15.159
15.020
14.868
14.735
14.641
14.718
14.263
14.652
14.627
14.622
14.612
14.577
14.639
13.606
14.742
14.700
14.902
11.478
14.827
15.013
14.539
13.642
15.149
12.849
15.303
15.347
15.335
15.147
15.293
15.314
15.125
14.579
15.197
15.119
15.053
14.999
14.953
14.898
14.844
14.721
14.804
14.828
14.606
15.021
15.007
15.040
15.079
15.246
15.309
15.387
14.965
15.606
15.379
12.514
15.438
13.997
15.384
15.678
15.748
15.400
15.778
15.797
15.829
15.634
15.892
15.964
15.865
15.637
16.039
16.171
16.311
16.425
16.454
16.474
16.513
16.505
16.583
16.483
16.510
16.419
16.403
16.372
16.323
16.551
16.551
14.838
16.521
16.529
16.458
16.287
16.113
16.017
15.003
14.825
16.143
16.061
15.915
15.696
15.768
15.672
13.553
15.578
15.552
15.579
15.639
15.581
15.571
15.583
15.916
16.034
16.137
16.225
16.254
16.280
16.332
16.382
16.051
16.374
16.432
16.556
16.273
15.676
16.138
17.131
17.201
16.459
16.986
17.184
17.120
17.099
17.158
17.184
17.290
17.243
17.288
17.245
17.211
17.193
17.210
17.208
17.198
14.867
