15.133
15.128
15.111
15.141
15.109
15.070
15.079
15.235
15.351
15.048
15.039
15.036
15.047
15.022
15.123
15.050
15.004
15.047
15.014
15.042
15.111
15.203
15.040
15.035
15.096
15.148
15.115
15.089
15.019
15.035
15.186
15.031
15.005
15.009
15.045
15.156
15.190
15.162
15.070
15.096
15.128
15.123
15.095
15.382
15.277
14.973
14.950
14.999
15.041
15.074
15.091
15.183
15.293
15.149
15.122
15.050
15.057
15.030
15.045
15.002
15.012
15.014
15.031
15.001
14.978
15.016
15.038
14.954
14.992
14.977
14.978
14.998
15.019
14.981
14.945
14.958
14.957
14.949
14.961
14.997
15.023
14.992
14.965
14.946
14.939
14.934
14.932
14.923
14.920
14.899
14.903
14.936
14.942
14.910
14.922
14.903
14.896
14.896
14.885
14.885
14.895
14.894
14.883
14.875
14.854
14.869
14.874
14.843
14.864
14.835
14.843
14.842
14.842
14.851
14.854
14.860
14.878
14.887
14.894
14.916
14.924
14.873
14.875
14.872
14.882
14.875
14.875
14.876
14.884
14.885
14.897
14.901
14.890
14.897
14.892
14.911
14.906
14.914
14.911
14.989
15.025
15.084
14.969
14.869
14.868
14.871
14.875
14.888
14.883
14.877
14.858
14.882
14.921
14.885
14.905
14.927
14.898
14.892
14.909
14.926
14.892
14.909
14.897
14.904
14.919
14.926
14.924
14.951
14.941
14.910
14.919
14.920
14.919
14.923
14.951
14.912
14.936
14.901
14.917
14.901
14.912
14.939
14.907
14.917
14.941
14.927
14.901
14.916
14.951
14.947
14.936
14.894
14.889
14.930
14.929
14.887
14.871
14.888
14.907
14.913
14.888
14.844
14.861
14.870
14.844
14.832
14.825
14.823
14.837
14.826
14.800
14.814
14.839
14.841
14.836
14.830
14.856
14.879
14.862
14.874
14.889
14.876
14.881
14.876
14.869
14.868
14.885
14.877
14.875
14.852
14.865
14.856
14.869
14.849
14.858
14.873
14.850
14.862
14.857
14.858
14.856
14.854
14.865
14.839
14.833
14.847
14.847
14.834
14.838
14.818
16.115
16.189
16.237
16.231
16.165
16.210
16.188
16.165
16.027
15.994
16.000
16.026
15.964
16.045
16.101
16.099
16.045
16.035
16.077
16.016
16.032
16.103
16.173
16.176
16.203
16.236
16.296
16.300
16.131
16.209
16.218
16.247
16.262
16.272
16.262
16.294
16.268
16.281
16.278
16.305
16.310
16.332
16.350
16.414
16.434
16.427
16.455
16.442
16.439
16.455
16.474
16.497
16.529
16.520
16.519
16.536
16.569
16.562
16.571
16.580
16.573
16.539
16.536
16.536
16.568
16.602
16.625
16.670
16.642
16.667
16.623
16.599
16.581
16.553
16.536
16.548
16.532
16.539
16.534
16.556
16.579
16.589
16.597
16.588
16.564
16.562
16.580
16.602
16.618
16.631
16.649
16.662
16.659
16.716
16.758
16.817
16.885
16.898
16.916
16.918
