36.796
27.891
24.659
22.655
19.276
18.161
20.232
21.461
19.224
16.154
16.600
16.829
17.985
18.938
17.529
15.942
15.407
15.419
15.222
15.372
16.284
19.140
19.930
19.406
18.328
16.549
15.665
15.126
14.786
14.809
15.314
16.083
15.932
16.009
15.664
15.267
14.968
14.714
14.671
14.653
14.574
14.653
14.758
14.886
14.755
14.410
14.363
14.396
14.424
14.505
14.502
14.584
14.563
14.409
14.318
14.249
14.233
14.155
14.141
14.097
14.101
14.083
14.107
14.127
14.134
14.175
14.216
14.124
14.099
14.071
14.030
14.042
14.070
14.058
14.037
14.051
14.021
13.995
13.993
13.997
13.960
13.894
13.828
13.839
13.816
13.836
13.851
13.853
13.846
13.814
13.812
13.832
13.811
13.769
13.771
13.775
13.788
13.805
13.825
13.827
13.831
13.829
13.806
13.786
13.760
13.756
13.756
13.734
13.758
13.754
13.751
13.749
13.754
13.748
13.727
13.714
13.706
13.706
13.705
13.705
13.709
13.676
13.677
13.676
13.663
13.636
13.626
13.620
13.637
13.646
13.650
13.655
13.644
13.652
13.656
13.671
13.661
13.650
13.625
13.669
13.692
13.730
13.634
13.562
13.563
13.571
13.590
13.619
13.622
13.625
13.605
13.609
13.618
13.551
13.543
13.533
13.495
13.489
13.481
13.500
13.482
13.486
13.493
13.503
13.510
13.516
13.497
13.518
13.492
13.451
13.461
13.460
13.461
13.455
13.474
13.444
13.455
13.432
13.432
13.401
13.395
13.399
13.376
13.399
13.429
13.445
13.434
13.450
13.476
13.456
13.420
13.358
13.345
13.382
13.402
13.398
13.394
13.403
13.399
13.372
13.325
13.276
13.300
13.329
13.321
13.336
13.337
13.329
13.312
13.276
13.254
13.263
13.299
13.320
13.326
13.331
13.339
13.338
13.311
13.308
13.307
13.307
13.323
13.336
13.336
13.330
13.322
13.305
13.294
13.278
13.290
13.292
13.309
13.308
13.312
13.308
13.279
13.277
13.263
13.263
13.265
13.276
13.291
13.287
13.290
13.305
13.308
13.307
13.311
13.302
13.307
13.317
13.338
13.331
13.346
13.350
13.356
13.376
13.380
13.370
13.385
13.388
13.411
13.420
13.438
13.436
13.439
13.434
13.433
13.433
13.435
13.451
13.456
13.464
13.465
13.470
13.475
13.475
13.485
13.491
13.486
13.487
13.491
13.494
13.484
13.506
13.508
13.529
13.531
13.545
13.549
13.551
13.533
13.538
13.529
13.518
13.517
13.512
13.499
13.504
13.511
13.495
13.485
13.478
13.476
13.476
13.487
13.476
13.490
13.488
13.485
13.474
13.488
13.511
13.477
13.472
13.463
13.479
13.520
13.511
13.475
13.500
13.495
13.495
13.501
13.504
13.465
13.455
13.441
13.439
13.426
13.433
13.424
13.457
13.446
13.469
13.459
13.468
13.489
13.521
13.484
13.492
13.485
13.490
13.482
13.499
13.478
13.467
13.469
13.493
13.462
13.465
13.471
13.463
13.460
13.471
13.484
13.484
13.474
13.483
13.447
13.445
13.449
13.463
13.445
13.474
13.469
13.477
13.476
13.500
13.476
13.513
13.473
13.458
13.439
13.442
13.453
13.439
13.459
13.457
13.471
13.475
13.461
13.478
13.470
13.504
13.481
13.485
13.488
13.490
13.492
13.484
13.486
13.499
13.498
13.486
13.488
13.483
13.489
13.493
13.483
13.476
13.468
13.463
13.461
13.475
13.492
13.497
13.500
13.523
13.502
13.496
13.497
13.496
13.502
13.497
13.491
13.490
13.490
13.476
13.488
13.488
13.493
13.494
13.488
13.494
13.536
13.527
13.520
13.529
13.509
13.497
13.478
13.473
13.474
13.469
13.458
13.458
13.454
13.459
13.450
13.458
13.457
13.463
13.471
13.458
13.444
13.439
13.428
13.436
13.421
13.430
13.442
13.452
13.445
13.445
13.428
13.421
13.410
13.410
13.392
13.391
13.393
13.366
13.375
13.386
13.370
13.383
13.394
13.397
13.378
13.381
13.384
13.374
13.364
13.372
13.379
13.377
13.380
13.376
13.375
13.371
13.370
13.361
13.355
13.348
13.346
13.349
13.345
13.349
13.340
13.338
13.336
13.348
13.344
13.357
13.355
13.357
13.354
13.353
13.358
13.354
13.347
13.333
13.343
13.330
13.320
13.344
13.323
13.322
13.343
13.365
13.366
13.407
13.375
13.387
13.371
13.349
13.355
13.354
13.374
13.387
13.371
13.371
13.381
13.365
13.363
13.369
13.343
13.329
13.349
13.344
13.337
13.344
13.332
13.337
13.337
13.331
13.328
13.327
13.330
13.338
13.342
13.366
13.349
13.329
13.350
13.357
13.350
13.364
13.361
13.369
13.363
13.360
13.363
13.355
13.351
13.347
13.347
13.356
13.342
13.360
13.360
13.346
13.354
13.359
13.366
13.340
13.335
13.371
13.348
13.359
13.348
13.343
13.341
13.334
13.339
13.349
13.338
13.340
13.335
13.328
13.336
13.342
13.340
13.342
13.330
13.337
13.326
13.325
13.324
13.329
13.313
13.311
13.308
13.295
13.301
13.294
13.295
13.287
