39.183
32.289
34.941
38.398
32.210
28.874
27.442
26.579
25.843
25.144
25.073
22.082
19.532
23.390
23.477
23.578
23.701
23.930
24.027
23.747
23.449
23.079
22.931
22.816
22.772
22.740
22.737
22.149
22.816
17.895
22.146
21.235
22.637
22.481
22.304
22.073
22.088
21.981
18.733
21.841
21.763
21.749
21.112
21.923
22.083
22.175
22.384
22.671
22.814
22.130
22.202
22.264
22.372
22.446
22.334
22.192
22.067
22.132
22.045
21.986
21.888
20.400
21.635
19.789
19.213
19.186
19.202
19.726
19.669
19.625
19.549
19.470
19.367
19.286
18.665
19.146
19.102
19.069
19.009
18.976
19.002
19.086
19.126
19.056
19.053
19.008
18.951
18.942
18.913
18.566
18.858
18.822
18.829
18.878
18.983
19.100
19.240
19.379
19.466
19.431
19.456
19.492
19.511
19.460
19.433
19.359
19.270
19.221
19.169
19.118
19.049
19.036
19.035
19.009
18.976
18.949
18.913
18.870
18.814
18.625
15.313
18.696
18.676
18.858
18.322
18.935
19.084
19.109
19.247
19.391
19.475
19.428
19.451
19.462
19.352
19.315
19.213
19.111
19.169
19.101
19.037
19.028
19.007
19.052
19.047
19.043
19.057
18.615
19.259
19.298
19.314
19.337
19.357
16.372
19.384
19.395
19.398
19.427
19.447
19.478
19.509
19.559
19.596
19.668
19.717
17.322
19.854
19.914
19.932
16.938
19.972
19.962
19.917
19.890
18.068
19.834
19.824
19.630
18.063
19.629
19.685
19.713
19.554
19.839
19.878
19.888
19.552
19.852
19.831
19.785
19.705
19.617
19.488
19.450
19.318
19.231
19.177
14.680
18.124
18.982
19.012
18.597
18.965
18.954
18.887
19.194
18.763
17.392
17.520
19.111
19.113
19.138
19.159
19.037
19.253
19.278
17.836
16.449
19.099
19.041
18.901
18.923
18.949
18.962
18.833
18.700
18.540
18.414
18.359
18.256
18.176
18.151
18.133
17.689
18.125
18.093
18.067
18.054
18.032
17.678
18.007
18.005
17.423
17.489
17.771
17.934
17.910
16.689
17.917
17.928
17.899
17.884
17.886
17.903
17.884
17.893
17.881
17.900
17.928
10.595
17.848
17.222
17.780
17.781
17.971
17.980
17.968
17.966
17.962
17.112
17.942
17.940
17.901
17.877
14.336
17.891
17.449
17.959
17.910
17.878
17.686
15.817
17.930
18.018
17.913
17.914
17.922
17.947
14.849
18.158
18.255
18.339
17.971
18.579
18.247
18.028
18.509
18.543
18.529
18.516
13.885
18.482
18.390
18.243
18.202
18.313
18.276
18.204
18.156
17.387
17.826
17.740
18.092
17.896
13.220
17.664
15.818
15.520
16.692
17.611
17.690
17.772
17.828
17.738
17.663
17.573
17.489
17.435
17.456
17.349
17.300
17.257
16.813
17.247
17.232
17.229
16.475
17.249
17.310
17.385
17.422
17.427
17.432
17.376
17.062
16.737
14.842
17.274
15.902
17.827
17.681
10.353
17.703
17.729
16.740
17.727
17.736
17.744
12.099
17.813
17.039
17.829
16.271
17.183
17.067
17.342
16.811
16.879
16.841
16.946
17.016
16.583
16.657
16.716
15.322
17.778
17.951
16.424
18.160
17.455
18.352
17.627
18.235
18.317
18.151
16.135
18.223
17.907
17.481
17.940
17.806
17.688
17.507
16.627
14.875
17.224
16.547
13.191
17.068
16.989
16.945
16.904
16.832
16.716
16.634
16.550
15.618
16.544
16.309
16.625
16.405
16.869
17.009
17.116
16.968
17.195
16.851
15.532
17.431
17.427
17.393
17.368
17.322
17.274
17.182
16.967
16.968
16.896
16.775
16.802
16.813
16.698
16.843
16.520
17.096
17.190
17.108
17.413
17.143
17.692
12.134
17.889
17.656
17.267
17.334
17.447
17.527
16.867
17.764
17.765
17.676
17.499
16.138
17.296
16.871
16.486
16.639
16.377
16.155
15.978
15.819
15.675
15.578
15.657
14.663
15.591
15.564
15.555
15.541
15.502
15.566
14.451
15.678
15.636
15.756
12.044
15.684
15.896
15.391
14.437
16.024
13.512
16.210
16.261
16.237
16.116
16.191
16.210
16.005
15.397
16.069
15.981
15.907
15.849
15.794
15.729
15.665
15.592
15.622
15.647
15.409
15.849
15.839
15.877
15.911
16.091
16.159
16.242
15.790
16.478
16.229
13.160
16.156
14.650
16.149
16.461
16.503
16.142
16.550
16.578
16.601
16.375
16.645
16.720
16.620
16.371
16.798
16.934
17.075
17.212
17.254
17.285
17.318
17.313
17.397
17.289
17.318
17.220
17.202
17.172
17.105
17.340
17.325
15.481
17.277
17.285
17.212
17.031
16.979
16.785
15.770
15.586
16.999
16.912
16.758
16.467
16.538
16.420
14.160
16.282
16.248
16.274
16.347
16.304
16.302
16.315
16.654
16.758
16.875
16.973
17.006
17.019
17.086
17.137
16.792
17.097
17.149
17.282
17.013
16.422
16.931
17.957
18.036
17.283
17.816
17.971
17.896
17.847
17.890
17.930
18.001
17.984
17.994
17.935
17.886
17.863
17.845
17.839
17.824
15.476
