39.183
32.289
22.229
38.398
32.210
28.874
27.442
26.579
25.843
25.144
25.686
29.175
24.584
24.559
24.581
26.842
26.485
26.577
26.354
26.356
25.987
25.400
25.179
24.826
24.774
24.760
24.740
23.884
23.911
19.219
23.814
23.263
23.406
23.288
23.100
23.695
23.568
23.483
20.317
23.145
23.076
23.092
22.851
23.277
23.360
23.441
23.344
23.130
22.804
22.513
22.318
22.031
21.741
21.538
21.346
21.188
21.062
20.897
20.764
20.611
20.454
19.788
20.251
17.832
18.704
20.100
20.035
19.964
19.922
19.858
19.795
19.742
19.678
19.623
19.204
19.515
19.472
19.445
19.390
19.364
19.378
19.435
19.450
19.413
19.411
19.366
19.311
19.320
19.290
18.875
19.235
19.224
19.240
19.283
19.347
19.422
19.500
19.575
19.619
19.553
19.553
19.538
19.633
19.645
19.744
19.831
19.967
20.096
20.237
20.315
20.414
20.555
20.749
20.859
20.916
20.874
20.808
20.728
20.630
20.359
16.209
20.329
20.198
20.075
19.548
20.131
20.218
20.227
20.334
20.465
20.597
20.590
20.622
20.606
20.504
20.484
20.404
20.326
20.385
20.330
20.288
20.270
20.263
20.345
20.354
20.374
20.411
19.972
20.585
20.613
20.627
20.738
20.780
17.281
20.856
20.915
20.935
20.972
21.003
21.049
21.091
21.146
21.176
21.208
21.180
18.283
21.047
20.994
20.903
17.514
20.816
20.786
20.730
20.701
18.698
20.596
20.574
20.369
18.695
20.298
20.324
20.351
20.064
20.355
20.332
20.387
19.937
20.282
20.228
20.161
20.070
19.986
19.873
19.799
19.748
19.656
19.482
14.940
18.520
19.303
19.317
18.950
19.282
19.276
19.329
19.590
19.103
17.698
17.683
19.330
19.339
19.337
19.330
19.137
19.401
19.375
17.916
16.499
19.150
19.097
19.082
19.081
19.072
19.057
18.909
18.758
18.591
18.457
18.378
18.274
18.190
18.154
18.129
17.710
18.119
18.097
18.075
18.057
18.033
17.926
17.985
17.967
17.397
17.433
17.739
17.903
17.876
16.662
17.813
17.869
17.881
17.870
17.878
17.870
17.872
17.872
17.869
17.883
17.904
10.604
17.833
17.214
17.791
17.798
17.978
17.983
17.981
17.987
17.999
17.180
18.018
18.036
18.026
18.026
14.487
18.023
17.658
18.218
18.161
18.147
17.979
16.103
18.235
18.341
18.244
18.252
18.268
18.301
15.132
18.500
18.576
18.649
18.286
18.899
18.538
18.407
18.951
18.961
18.937
18.902
14.171
18.955
18.900
18.779
18.744
18.855
18.803
18.721
18.949
18.106
18.679
18.547
18.339
18.190
13.506
18.029
16.198
15.806
16.926
17.926
17.992
18.053
18.090
18.008
17.932
17.841
17.757
17.702
17.662
17.627
17.582
17.554
17.117
17.580
17.590
17.608
16.778
17.606
17.666
17.741
17.770
17.781
17.807
17.732
17.329
17.044
15.103
17.452
16.036
18.083
17.970
10.498
18.025
18.035
16.975
18.016
18.022
18.032
12.310
18.072
17.361
18.102
15.273
16.160
16.129
16.436
15.919
16.002
15.972
16.074
16.135
15.693
15.491
15.544
14.524
16.574
16.631
15.168
16.801
16.073
16.871
16.185
16.795
16.883
16.762
14.846
16.852
16.548
16.224
16.731
16.647
16.568
16.352
15.479
13.814
16.097
15.478
12.380
16.016
15.971
15.989
15.988
15.929
15.819
15.749
15.673
14.807
15.633
15.390
15.742
15.465
15.931
16.034
16.162
16.035
16.232
15.897
14.566
16.450
16.449
16.441
16.433
16.413
16.384
16.310
16.167
16.210
16.163
16.064
16.132
16.137
16.056
16.191
15.864
16.466
16.565
16.454
16.230
15.914
16.579
11.228
16.651
16.340
16.343
16.398
16.494
16.564
15.907
16.758
16.761
16.679
16.551
15.289
16.391
16.003
15.593
15.743
15.501
15.290
15.122
14.967
14.832
14.734
14.805
13.908
14.735
14.711
14.709
14.701
14.662
14.723
13.690
14.836
14.796
14.987
11.562
14.901
15.081
14.599
13.684
15.200
12.899
15.375
15.425
15.405
15.212
15.360
15.380
15.195
14.635
15.263
15.183
15.115
15.063
15.018
14.966
14.906
14.779
14.861
14.884
14.664
15.075
15.060
15.090
15.125
15.294
15.358
15.438
15.018
15.674
15.447
12.581
15.392
13.977
15.369
15.661
15.741
15.400
15.776
15.788
15.807
15.602
15.854
15.923
15.823
15.594
15.986
16.113
16.243
16.358
16.394
16.418
16.453
16.441
16.519
16.418
16.445
16.350
16.330
16.300
16.247
16.469
16.473
14.785
16.438
16.449
16.381
16.214
16.046
15.954
14.932
14.780
16.112
16.041
15.903
15.683
15.758
15.658
13.520
15.574
15.556
15.594
15.674
15.635
15.643
15.663
16.002
16.111
16.190
16.249
16.253
16.275
16.336
16.386
16.082
16.369
16.421
16.547
16.315
15.765
16.178
17.134
17.208
16.479
17.007
17.174
17.101
17.060
17.103
17.144
17.218
17.187
17.214
17.167
17.125
17.106
17.110
17.124
17.130
14.929
