39.183
32.289
22.229
38.398
32.210
28.874
27.442
26.579
25.843
25.144
25.686
29.175
24.584
24.559
24.581
26.842
26.485
26.577
26.354
26.356
25.987
25.400
25.078
24.826
24.774
24.760
24.740
23.884
23.911
19.219
23.750
23.263
23.406
23.278
23.091
23.695
23.568
23.483
20.317
23.145
23.072
23.092
22.851
23.277
23.360
23.441
23.344
23.130
22.804
22.513
22.318
22.031
21.741
21.538
21.345
21.188
21.062
20.897
20.764
20.611
20.454
19.788
20.251
17.832
18.704
20.100
20.035
19.964
19.922
19.858
19.795
19.742
19.678
19.623
19.204
19.515
19.472
19.445
19.390
19.364
19.379
19.438
19.458
19.540
19.476
19.387
19.328
19.338
19.301
18.873
19.259
19.224
19.241
19.280
19.346
19.420
19.507
19.600
19.666
19.656
19.696
19.761
19.823
19.843
19.957
20.108
20.290
20.443
20.597
20.668
20.705
20.741
20.724
20.625
20.528
20.403
20.304
20.225
20.157
19.930
16.000
19.930
19.851
19.788
19.272
19.868
19.961
19.986
20.094
20.224
20.305
20.307
20.321
20.295
20.195
20.176
20.095
20.006
19.929
19.989
19.947
19.926
19.914
19.982
19.983
19.997
20.027
19.594
20.182
20.202
20.208
20.302
20.325
17.011
20.373
20.424
20.456
20.514
20.563
20.643
20.716
20.832
20.930
21.090
21.210
18.338
21.353
21.384
21.347
17.716
21.243
21.172
21.067
20.996
18.870
20.853
20.814
20.589
18.843
20.528
20.559
20.591
20.329
20.638
20.630
20.668
20.210
20.566
20.518
20.449
20.356
20.266
20.139
20.064
20.005
19.889
19.706
15.016
18.681
19.477
19.490
19.104
19.432
19.425
19.509
19.739
19.247
17.806
17.786
19.491
19.495
19.522
19.532
19.334
19.596
19.560
18.049
16.592
19.301
19.230
19.154
19.149
19.139
19.117
18.962
18.810
18.637
18.499
18.427
18.325
18.240
18.204
18.179
17.754
18.167
18.137
18.108
18.085
18.057
17.687
18.007
17.989
17.413
17.456
17.770
17.941
17.917
16.694
17.858
17.917
17.926
17.913
17.918
17.915
17.917
17.916
17.912
17.928
17.947
10.609
17.876
17.244
17.822
17.826
18.008
18.009
18.004
18.010
18.015
17.181
18.022
18.035
18.019
18.009
14.470
17.998
17.629
18.201
18.140
18.125
17.958
16.087
18.236
18.342
18.234
18.238
18.250
18.284
15.100
18.484
18.562
18.620
18.240
18.837
18.464
18.324
18.774
18.805
18.783
18.768
14.082
18.743
18.667
18.527
18.485
18.595
18.556
18.476
18.744
17.897
18.322
18.199
18.145
17.990
13.354
17.833
16.008
15.651
16.765
17.744
17.821
17.896
17.946
17.865
17.796
17.712
17.632
17.581
17.545
17.518
17.478
17.451
17.013
17.458
17.451
17.474
16.665
17.510
17.583
17.668
17.696
17.685
17.688
17.602
17.207
16.910
14.973
17.352
15.922
17.959
17.837
10.401
17.879
17.891
16.848
17.889
17.900
17.913
12.205
17.982
17.236
17.997
15.165
16.043
16.005
16.299
15.793
15.879
15.856
15.960
16.021
15.581
15.388
15.439
14.409
16.446
16.508
15.072
16.715
16.000
16.795
16.117
16.722
16.816
16.712
14.802
16.814
16.510
16.177
16.686
16.601
16.531
16.318
15.440
13.769
16.050
15.423
12.323
15.944
15.886
15.898
15.893
15.839
15.735
15.658
15.576
14.702
15.530
15.278
15.622
15.356
15.839
15.950
16.068
15.924
16.108
15.763
14.459
16.319
16.315
16.298
16.283
16.253
16.231
16.165
16.023
16.070
16.029
15.935
15.997
16.005
15.926
16.066
15.748
16.347
16.445
16.337
16.396
16.152
16.518
11.233
16.695
16.383
16.332
16.390
16.482
16.558
15.889
16.753
16.754
16.667
16.530
15.270
16.360
15.977
15.581
15.737
15.495
15.281
15.107
14.948
14.809
14.714
14.788
13.882
14.715
14.685
14.679
14.672
14.635
14.694
13.659
14.805
14.773
14.965
11.536
14.876
15.053
14.570
13.650
15.166
12.881
15.330
15.379
15.376
15.190
15.336
15.357
15.167
14.612
15.230
15.167
15.086
15.032
14.986
14.927
14.867
14.741
14.825
14.850
14.636
15.047
15.036
15.071
15.111
15.280
15.343
15.420
14.996
15.647
15.414
12.550
15.362
13.955
15.345
15.636
15.717
15.370
15.742
15.753
15.770
15.565
15.815
15.889
15.792
15.573
15.970
16.102
16.234
16.349
16.382
16.412
16.433
16.413
16.483
16.376
16.402
16.307
16.286
16.255
16.200
16.416
16.418
14.740
16.384
16.394
16.329
16.167
16.002
15.913
14.905
14.758
16.066
15.989
15.847
15.629
15.710
15.625
13.488
15.552
15.532
15.572
15.652
15.611
15.610
15.611
15.913
16.006
16.089
16.169
16.197
16.234
16.298
16.353
16.057
16.354
16.413
16.533
16.284
15.713
16.141
17.114
17.196
16.465
16.988
17.156
17.083
17.055
17.107
17.138
17.210
17.169
17.206
17.167
17.123
17.103
17.106
17.119
17.130
14.876
