39.183
32.289
22.229
38.398
32.210
28.874
27.442
26.579
25.843
25.144
24.493
29.175
24.584
24.559
24.581
26.842
26.485
26.577
26.354
26.356
25.987
25.386
25.067
24.826
24.774
24.760
24.740
23.884
23.911
19.219
23.750
23.263
23.406
23.278
23.091
23.695
23.568
23.447
20.300
23.112
23.041
23.055
22.824
23.252
23.339
23.421
23.316
23.088
22.754
22.507
22.311
22.024
21.734
21.532
21.339
21.183
21.057
20.892
20.759
20.606
20.514
19.785
20.247
17.829
18.699
20.097
20.032
19.961
19.919
19.855
19.792
19.742
19.679
19.623
19.204
19.516
19.472
19.445
19.390
19.364
19.379
19.435
19.450
19.413
19.411
19.366
19.311
19.320
19.291
18.875
19.235
19.225
19.240
19.283
19.348
19.422
19.500
19.575
19.619
19.554
19.554
19.539
19.634
19.645
19.751
19.831
19.968
20.096
20.238
20.316
20.411
20.556
20.749
20.859
20.917
20.873
20.809
20.728
20.630
20.359
16.209
20.361
20.262
20.653
20.006
20.599
20.662
20.650
20.774
20.915
21.061
21.045
21.081
21.074
20.972
20.963
20.884
20.805
20.749
20.866
20.827
20.815
20.809
20.912
20.918
20.920
20.945
20.485
21.109
21.120
21.097
21.185
21.150
17.313
20.949
20.947
20.792
20.739
20.691
20.661
20.628
20.603
20.577
20.508
20.422
17.714
20.286
20.286
20.192
17.062
20.166
20.140
20.060
20.072
18.192
19.986
19.964
19.794
18.222
19.763
19.819
19.894
19.596
19.908
19.888
19.931
19.467
19.824
19.768
19.713
19.629
19.555
19.451
19.399
19.281
19.190
19.083
14.718
18.178
18.946
18.979
18.636
18.967
18.978
18.814
19.177
18.765
17.451
17.446
19.037
19.099
19.019
19.014
18.819
19.116
19.089
17.650
16.266
18.846
18.774
18.843
18.839
18.830
18.810
18.677
18.540
18.374
18.251
18.152
18.061
17.980
17.961
17.947
17.534
17.935
17.911
17.887
17.873
17.849
17.472
17.799
17.776
17.202
17.218
17.518
17.673
17.636
16.439
17.576
17.630
17.638
17.728
17.691
17.674
17.596
17.584
17.557
17.549
17.550
10.443
17.477
16.865
17.441
17.458
17.654
17.669
17.675
17.687
17.696
16.887
17.728
17.758
17.760
17.771
14.311
17.768
17.366
17.882
17.856
17.829
17.664
15.841
17.891
17.977
17.876
17.884
17.893
17.913
14.825
18.093
18.181
18.263
17.913
18.519
18.144
18.069
18.552
18.615
18.631
18.660
14.020
18.718
18.670
18.559
18.544
18.678
18.642
18.564
18.502
17.722
18.156
18.055
18.047
17.900
13.343
17.766
15.979
15.583
16.726
17.708
17.770
17.844
17.889
17.817
17.749
17.668
17.587
17.540
17.511
17.496
17.475
17.460
17.010
17.481
17.491
17.521
16.673
17.555
17.618
17.688
17.664
17.537
17.418
17.316
16.891
16.629
14.773
17.065
16.865
18.287
17.490
10.268
17.520
17.528
16.510
17.514
17.530
17.541
12.071
17.628
16.938
17.650
15.044
15.901
15.860
16.142
15.663
15.745
15.715
15.809
15.871
15.434
15.235
15.287
14.308
16.300
16.344
14.945
16.513
15.809
16.591
15.926
16.527
16.620
16.527
14.667
16.629
16.331
16.012
16.502
16.413
16.345
16.134
15.266
13.635
15.851
15.747
12.460
16.067
15.961
15.941
15.927
15.869
15.779
15.721
15.633
14.724
15.590
15.344
15.668
15.390
15.824
15.925
16.051
15.920
16.094
15.736
14.501
16.272
16.274
16.276
16.273
16.248
16.211
16.121
15.954
16.000
15.965
15.872
15.922
15.917
15.833
15.975
15.687
16.263
16.354
16.260
16.317
16.068
16.643
11.363
16.866
16.560
16.454
16.513
16.611
16.690
16.026
16.903
16.903
16.813
16.677
15.402
16.514
16.131
15.735
15.898
15.654
15.442
15.270
15.112
14.978
14.881
15.056
14.084
14.924
14.888
14.875
14.869
14.829
14.893
13.841
14.940
14.907
15.165
11.690
15.082
15.260
14.777
13.852
15.382
13.072
15.527
15.574
15.572
15.378
15.523
15.538
15.343
14.784
15.408
15.330
15.261
15.209
15.166
15.112
15.057
14.936
15.025
15.054
14.834
15.249
15.233
15.264
15.300
15.465
15.529
15.612
15.186
15.844
15.615
12.701
15.563
14.116
15.739
16.010
15.923
15.575
15.958
15.972
15.990
15.791
16.048
16.125
16.034
15.815
16.207
16.332
16.456
16.566
16.594
16.619
16.649
16.631
16.698
16.592
16.621
16.523
16.502
16.465
16.409
16.626
16.628
14.931
16.603
16.612
16.545
16.374
16.199
16.114
15.089
14.940
16.253
16.160
16.000
15.773
15.837
15.745
13.594
15.659
15.642
15.688
15.765
15.715
15.704
15.704
16.026
16.131
16.223
16.301
16.340
16.374
16.442
16.497
16.182
16.474
16.527
16.650
16.395
15.803
16.242
17.243
17.314
16.575
17.088
17.257
17.169
17.130
17.182
17.223
17.295
17.243
17.266
17.230
17.189
17.169
17.163
17.171
17.166
14.891
