39.183
32.176
27.362
26.170
24.872
24.122
23.770
23.566
23.382
23.178
22.957
21.165
21.053
22.506
22.551
22.653
22.634
22.783
22.876
22.757
22.636
22.437
22.356
22.266
22.204
22.114
22.048
21.351
21.872
20.829
18.951
20.514
21.833
21.743
21.646
21.536
21.591
21.527
18.497
21.404
21.348
21.334
20.727
21.444
21.502
21.506
21.578
21.707
21.824
21.929
22.001
22.129
22.243
22.295
22.195
22.077
21.953
22.006
21.895
21.809
21.659
20.216
21.353
18.327
20.496
20.490
20.514
20.337
20.277
20.187
20.096
19.995
19.878
19.806
19.128
19.681
19.634
19.606
19.542
19.521
19.558
19.655
19.695
19.588
19.594
19.558
19.498
19.502
19.476
18.851
19.421
19.409
19.424
19.481
19.574
19.647
19.815
19.935
20.048
20.010
20.083
20.177
20.168
20.210
20.241
20.219
20.177
20.136
20.065
19.996
19.896
19.861
19.852
19.805
19.776
19.718
19.675
19.611
19.535
19.306
15.268
19.392
19.339
19.567
18.821
19.614
19.742
19.739
19.898
20.044
20.144
20.061
20.088
20.079
19.957
19.956
19.833
19.712
19.610
19.768
19.696
19.660
19.629
19.757
19.749
19.746
19.758
19.246
20.122
20.144
20.179
20.030
20.034
16.298
19.999
20.009
19.983
20.016
20.052
20.091
20.111
20.168
20.200
20.375
20.358
17.278
20.487
20.552
20.552
16.767
20.584
20.554
20.793
20.839
18.210
20.735
20.693
20.428
18.255
20.388
20.490
20.446
20.097
20.590
20.638
20.527
19.946
20.457
20.424
20.363
20.260
20.170
20.034
20.330
20.104
19.955
19.907
14.542
18.495
19.661
19.698
19.098
19.617
19.631
19.359
19.920
19.219
38.900
25.419
21.342
20.608
19.987
19.520
19.475
19.414
19.063
19.487
18.714
18.516
18.485
19.930
19.845
19.791
19.731
19.651
19.546
19.438
19.328
18.984
18.878
18.789
18.729
18.698
18.624
18.673
18.664
18.798
18.809
18.612
18.571
18.498
18.439
18.242
18.201
18.261
18.201
18.155
17.698
18.053
18.025
18.008
17.994
18.077
18.081
18.099
18.108
18.114
18.127
18.245
11.871
18.232
18.109
18.323
18.312
18.431
18.436
18.466
18.512
18.579
18.618
18.671
18.704
18.698
18.708
16.183
18.683
18.386
18.565
18.573
18.597
18.718
17.467
18.819
18.839
18.804
18.839
18.849
18.921
16.311
18.971
18.950
18.976
18.724
18.973
18.922
18.893
19.124
19.114
19.116
19.071
15.351
19.095
19.099
19.048
19.040
19.050
19.040
18.995
18.920
18.501
18.722
18.679
18.593
18.490
14.719
18.364
17.195
16.800
17.765
18.336
18.364
18.380
18.389
18.445
18.394
18.344
18.294
18.385
18.400
18.325
18.285
18.204
17.931
18.374
18.399
18.188
17.674
18.225
18.291
18.581
18.507
18.324
18.225
18.233
17.964
17.762
16.119
18.059
16.869
18.326
18.278
11.352
18.316
18.361
17.674
18.324
18.318
18.315
13.252
18.330
17.842
18.322
16.191
17.074
17.018
17.296
16.771
16.857
16.835
16.943
17.007
16.556
16.319
16.356
15.257
17.399
17.437
15.962
17.625
17.444
17.677
16.941
17.524
17.587
17.459
15.493
17.519
17.190
16.849
17.320
17.226
17.144
16.961
16.088
15.863
16.702
16.112
12.932
16.585
16.537
16.554
16.560
16.526
16.449
16.392
16.342
15.464
16.313
16.067
16.376
16.082
16.552
16.678
16.795
16.652
16.784
16.424
15.147
17.019
17.026
17.010
16.993
16.948
16.898
16.822
16.706
16.754
16.714
16.733
16.674
16.707
16.574
16.679
16.343
16.891
16.984
16.915
16.711
16.447
16.999
11.700
17.209
16.959
16.794
16.868
16.981
17.066
16.424
17.308
17.315
17.238
17.101
15.774
16.934
16.541
16.156
16.320
16.062
15.834
15.653
15.488
15.341
15.244
15.323
14.384
15.255
15.226
15.222
15.218
15.181
15.247
14.163
15.361
15.326
15.457
11.894
15.373
15.555
15.043
14.088
15.663
13.276
15.831
15.879
15.863
15.681
15.827
15.850
15.660
15.095
15.718
15.647
15.592
15.549
15.511
15.459
15.405
15.285
15.373
15.402
15.173
15.604
15.594
15.625
15.666
15.832
15.891
15.969
15.517
16.197
15.955
12.943
15.878
14.402
15.851
16.147
16.195
15.836
16.220
16.234
16.270
16.015
16.244
16.400
16.426
16.096
16.449
16.548
16.661
16.789
16.826
16.860
16.907
16.907
16.996
16.901
16.933
16.840
16.823
16.792
16.734
16.957
16.960
15.241
16.942
16.949
16.878
16.702
16.524
16.453
15.439
39.268
22.574
21.648
20.667
20.648
20.243
19.624
17.813
18.773
18.583
18.308
18.096
18.033
17.970
17.741
17.493
17.385
17.170
16.982
16.885
16.862
16.734
16.644
16.934
16.582
16.623
16.726
17.329
17.337
16.744
17.120
17.080
17.170
16.990
16.884
16.755
16.703
16.686
16.902
16.710
16.891
16.761
16.761
16.845
16.933
16.853
16.848
16.843
15.678
