39.183
32.176
27.362
26.170
24.872
24.122
23.770
23.566
23.382
23.178
22.957
21.165
21.053
22.506
22.551
22.653
22.635
22.778
22.887
22.903
22.759
22.535
22.426
22.386
22.326
22.362
22.282
21.747
21.919
20.935
18.613
20.585
21.773
21.650
21.544
21.411
21.459
21.371
18.559
21.199
21.114
21.071
20.587
21.133
21.206
21.155
21.175
21.231
21.292
21.303
21.300
21.356
21.442
21.449
21.375
21.298
21.215
21.254
21.208
21.220
21.235
20.331
21.189
18.906
20.532
20.506
20.492
20.307
20.248
20.183
20.120
20.062
19.960
20.023
19.344
19.761
19.712
19.679
19.622
19.601
19.647
19.760
19.810
19.703
19.720
19.683
19.631
19.643
19.636
19.064
19.575
19.547
19.563
19.623
19.767
19.806
19.927
20.041
20.115
20.016
20.072
20.078
20.096
20.001
19.965
19.907
19.892
19.811
19.827
19.724
19.646
19.620
19.611
19.569
19.523
19.485
19.444
19.393
19.331
19.127
15.295
19.217
19.170
19.402
18.737
19.466
19.603
19.582
19.756
19.877
19.979
19.873
19.892
19.972
19.863
19.792
19.673
19.805
19.699
19.595
19.523
19.487
19.615
19.572
19.559
19.560
19.615
19.110
19.902
19.918
19.917
19.827
19.849
16.405
19.901
19.922
19.930
19.969
19.996
20.042
20.081
20.138
20.183
20.273
20.341
17.479
20.559
20.627
20.617
17.033
20.661
20.639
20.587
20.547
18.303
20.477
20.456
20.206
18.291
20.196
20.291
20.283
20.040
20.461
20.514
20.458
19.979
20.417
20.383
20.324
20.222
20.290
20.126
19.967
19.796
19.683
19.660
14.686
18.440
19.445
19.892
19.270
19.860
19.777
19.436
19.883
19.254
17.662
17.709
19.706
19.711
19.752
19.794
19.576
19.819
19.840
18.034
16.484
19.638
19.554
19.154
19.168
19.174
19.175
19.267
19.131
18.863
18.704
18.611
18.500
18.425
18.398
18.355
17.882
18.324
18.296
18.453
18.395
18.324
17.911
18.230
18.203
17.586
17.639
17.953
18.134
18.114
16.846
18.070
18.135
18.146
18.131
18.131
18.126
18.133
18.139
18.145
18.161
18.174
10.621
18.082
17.423
18.025
18.026
18.260
18.244
18.171
18.136
18.084
17.179
18.041
18.028
18.030
18.020
14.403
17.923
17.514
18.025
17.977
17.886
17.770
15.903
17.975
18.059
17.954
17.953
17.958
17.993
14.871
18.215
18.341
18.455
18.094
18.698
18.350
18.200
18.684
18.729
18.728
18.729
14.007
18.726
18.658
18.516
18.461
18.569
18.535
18.466
18.697
17.894
18.333
18.241
18.203
18.044
13.392
17.923
16.076
15.705
16.864
17.844
17.923
18.010
18.061
17.964
17.881
17.798
17.779
17.692
17.655
17.622
17.580
17.551
17.088
17.547
17.536
17.548
16.714
17.539
17.745
17.717
17.707
17.640
17.586
17.522
17.164
16.903
14.989
17.439
15.992
18.034
17.890
10.403
17.894
17.890
16.847
18.070
18.080
17.909
12.229
18.013
17.274
18.069
15.196
16.081
16.030
16.308
15.789
15.866
15.872
15.974
15.997
15.557
15.360
15.410
14.388
16.428
16.483
15.036
16.661
15.961
16.756
16.072
16.678
16.773
16.679
14.781
16.796
16.495
16.458
16.909
16.749
16.644
16.415
15.511
13.854
16.121
15.467
13.716
16.939
16.742
16.658
16.559
16.469
16.362
16.257
16.175
15.281
16.142
15.911
16.202
15.943
16.250
16.331
16.484
16.389
16.568
16.248
15.159
16.735
16.702
16.694
16.698
16.648
16.585
16.476
16.422
16.443
16.358
16.263
16.268
16.268
16.185
16.324
16.208
16.651
16.672
16.615
16.700
16.553
16.982
11.942
17.236
17.113
17.086
17.143
17.246
17.314
16.655
17.530
17.526
17.437
17.322
16.029
17.163
16.787
16.541
16.638
16.337
16.112
15.943
15.806
15.673
15.570
15.627
14.635
15.558
15.540
15.531
15.531
15.499
15.551
15.269
16.363
16.250
16.302
12.398
16.147
16.349
15.858
14.885
16.447
13.985
16.634
16.686
16.649
16.461
16.598
16.625
16.443
15.861
16.487
16.393
16.311
16.256
16.249
16.178
16.060
15.914
15.992
16.018
15.780
16.187
16.163
16.179
16.227
16.394
16.465
16.552
16.213
16.834
16.553
13.468
16.449
14.991
16.435
16.714
16.773
16.436
16.820
16.834
16.849
16.625
16.898
16.973
16.870
16.623
17.038
17.167
17.487
17.582
17.539
17.562
17.563
17.584
17.693
17.616
17.673
17.584
17.575
17.533
17.473
17.673
17.627
15.826
17.532
17.512
17.427
17.258
17.084
16.988
15.951
15.777
17.104
17.036
16.879
16.642
16.727
16.600
14.359
16.424
16.386
16.388
16.432
16.352
16.334
16.318
16.607
16.697
16.791
16.868
16.896
16.923
16.990
17.064
16.839
17.104
17.214
17.416
17.270
17.475
16.553
16.887
16.948
16.519
16.834
16.852
16.777
16.806
16.810
16.969
16.889
16.934
16.853
16.810
16.793
16.820
16.735
16.627
16.563
15.191
