39.183
32.176
27.362
26.170
24.872
24.122
23.770
23.566
23.382
23.178
22.957
21.165
19.003
22.506
22.551
22.653
22.634
22.783
22.871
22.757
22.636
22.437
22.356
22.266
22.204
22.119
22.050
21.616
21.908
17.887
21.146
20.484
21.660
21.552
21.447
21.348
21.393
21.307
18.516
21.153
21.090
21.062
20.574
21.140
21.186
21.160
21.183
21.241
21.342
21.328
21.339
21.393
21.495
21.530
21.448
21.361
21.265
21.293
21.232
21.232
21.201
20.254
21.092
18.799
20.377
20.344
20.347
20.211
20.156
20.111
20.012
19.947
19.841
19.904
19.229
19.645
19.602
19.573
19.517
19.503
19.551
19.670
19.716
19.606
19.618
19.587
19.534
19.559
19.540
18.981
19.483
19.457
19.473
19.526
19.537
19.539
19.603
19.661
19.735
19.695
19.791
19.846
19.931
19.933
20.031
20.118
20.182
20.154
20.176
20.056
19.952
19.882
19.835
19.769
19.722
19.648
19.669
19.550
19.486
19.252
15.388
19.313
19.229
19.169
18.555
19.298
19.416
19.412
19.534
19.682
19.765
19.695
19.711
19.757
19.644
19.564
19.444
19.517
19.426
19.340
19.271
19.229
19.326
19.286
19.275
19.271
19.288
18.821
19.526
19.584
19.596
19.536
19.546
16.291
19.580
19.605
19.591
19.613
19.630
19.669
19.708
19.772
19.842
19.959
20.055
17.370
20.256
20.392
20.511
17.043
20.699
20.774
20.795
20.789
18.477
20.688
20.654
20.384
18.425
20.354
20.433
20.402
20.151
20.543
20.586
20.542
20.068
20.491
20.456
20.400
20.303
20.201
20.048
20.035
19.868
19.754
19.713
14.723
18.486
19.499
19.908
19.289
19.679
19.647
19.442
19.888
19.291
17.685
17.727
19.716
19.735
19.786
19.942
19.713
19.848
19.868
18.073
16.531
19.684
19.615
19.235
19.244
19.469
19.432
19.347
19.192
18.877
18.758
18.654
18.546
18.456
18.426
18.399
17.928
18.366
18.326
18.301
18.286
18.269
17.891
18.214
18.234
17.627
17.666
17.987
18.176
18.170
16.901
18.123
18.182
18.189
18.174
18.173
18.167
18.172
18.183
18.193
18.215
18.233
10.654
18.145
17.487
18.094
18.094
18.347
18.327
18.241
18.219
18.172
17.255
18.116
18.108
18.052
18.025
14.437
18.006
17.601
18.138
18.112
18.100
17.917
16.029
18.173
18.283
18.194
18.208
18.216
18.248
15.067
18.470
18.569
18.664
18.292
18.883
18.519
18.316
18.753
18.762
18.727
18.699
14.013
18.652
18.557
18.396
18.331
18.424
18.380
18.308
18.251
17.479
17.903
17.804
17.791
17.639
13.124
17.494
15.699
15.400
16.524
17.443
17.523
17.656
17.729
17.599
17.545
17.477
17.417
17.381
17.349
17.324
17.342
17.252
16.821
17.259
17.252
17.337
16.533
17.248
17.280
17.341
17.378
17.403
17.467
17.416
17.092
16.788
14.848
17.310
15.916
17.733
17.720
10.321
17.701
17.716
16.732
17.726
17.760
17.793
12.136
17.904
17.152
17.957
15.112
16.000
15.971
16.268
15.761
15.844
15.814
16.077
16.152
15.644
15.428
15.471
14.392
16.461
16.532
15.122
16.778
16.597
16.924
16.231
16.841
16.939
16.816
14.906
16.902
16.588
16.228
16.720
16.634
16.563
16.356
15.474
13.811
16.085
15.433
12.338
15.992
15.965
15.957
15.912
15.857
15.749
15.683
15.620
14.752
15.630
15.387
15.747
15.473
15.950
16.064
16.156
15.984
16.149
15.782
14.509
16.339
16.334
16.310
16.290
16.251
16.206
16.142
16.010
16.070
16.040
15.953
15.993
15.995
15.911
16.051
15.721
16.295
16.383
16.281
16.340
16.097
16.728
11.425
16.933
16.604
16.473
16.537
16.644
16.727
16.069
16.960
16.969
16.887
16.745
15.457
16.574
16.174
15.786
15.944
15.696
15.478
15.299
15.134
14.985
14.880
14.954
14.033
14.879
14.852
14.850
14.840
14.837
14.874
14.444
15.464
15.346
15.492
11.870
15.359
15.528
15.061
14.135
15.629
13.278
15.807
15.846
15.803
15.610
15.756
15.777
15.593
15.015
15.659
15.583
15.512
15.454
15.407
15.343
15.279
15.155
15.237
15.260
15.036
15.448
15.420
15.457
15.495
15.659
15.754
15.817
15.539
16.133
15.883
12.947
15.795
14.437
15.793
16.060
16.122
15.780
16.144
16.150
16.156
15.998
16.192
16.260
16.155
16.038
16.322
16.452
16.601
16.712
16.736
16.753
16.781
16.770
16.853
16.756
16.788
16.686
16.680
16.790
16.599
16.812
16.787
15.091
16.732
16.743
16.698
16.546
16.374
16.265
15.235
15.068
16.308
16.244
16.102
15.906
15.993
15.907
13.757
15.812
15.799
15.849
15.854
15.875
15.856
15.842
16.140
16.252
16.363
16.456
16.506
16.541
16.609
16.665
16.395
16.652
16.741
16.956
16.773
16.193
16.631
17.620
17.713
16.991
17.530
17.684
17.579
17.590
17.639
17.658
17.682
17.554
17.476
17.367
17.323
17.278
17.247
17.231
17.214
15.128
