15.110
15.109
15.093
15.124
14.899
14.896
14.891
15.039
15.140
14.858
14.854
14.859
14.864
14.848
14.946
14.881
14.703
14.753
14.743
14.772
14.830
14.939
14.796
14.801
14.820
14.867
14.844
14.826
14.757
14.786
14.926
14.774
14.616
14.643
14.665
14.816
14.781
14.750
14.684
14.682
14.658
14.663
14.658
14.927
14.895
14.658
14.634
14.672
14.676
14.659
14.636
14.669
14.715
14.671
14.712
14.665
14.681
14.667
14.686
14.660
14.679
14.689
14.715
14.703
14.698
14.730
14.736
14.649
14.673
14.647
14.648
14.663
14.671
14.631
14.599
14.615
14.613
14.607
14.623
14.665
14.691
14.655
14.628
14.610
14.598
14.585
14.579
14.566
14.561
14.537
14.542
14.572
14.561
14.530
14.538
14.519
14.511
14.517
14.504
14.500
14.505
14.503
14.500
14.495
14.478
14.491
14.492
14.462
14.487
14.460
14.461
14.455
14.456
14.463
14.460
14.468
14.485
14.491
14.493
14.519
14.531
14.484
14.492
14.496
14.512
14.506
14.506
14.511
14.515
14.513
14.524
14.531
14.523
14.528
14.518
14.536
14.530
14.537
14.533
14.598
14.638
14.698
14.585
14.492
14.493
14.496
14.504
14.516
14.512
14.506
14.489
14.508
14.546
14.522
14.537
14.558
14.537
14.530
14.551
14.561
14.527
14.547
14.534
14.541
14.553
14.559
14.564
14.582
14.573
14.544
14.545
14.550
14.548
14.550
14.575
14.534
14.554
14.527
14.541
14.522
14.535
14.562
14.535
14.545
14.569
14.561
14.538
14.559
14.600
14.595
14.573
14.517
14.504
14.546
14.551
14.518
14.503
14.520
14.540
14.546
14.515
14.469
14.488
14.500
14.475
14.465
14.455
14.468
14.473
14.461
14.442
14.458
14.347
14.375
14.361
14.392
14.386
14.412
14.382
14.381
14.382
14.368
14.371
14.371
14.362
14.362
14.376
14.368
14.362
14.348
14.381
14.406
14.448
14.435
14.444
14.458
14.445
14.454
14.440
14.430
14.427
14.428
14.434
14.406
14.395
14.400
14.391
14.374
14.368
14.347
14.353
14.383
14.440
14.468
14.399
14.418
14.422
14.447
14.445
14.450
14.464
14.477
14.500
14.527
14.582
14.601
14.611
14.604
14.611
14.607
14.611
14.630
14.608
14.607
14.588
14.576
14.576
14.573
14.577
14.605
14.640
14.693
14.740
14.733
14.708
14.712
14.688
14.675
14.656
14.659
14.645
14.648
14.638
14.650
14.655
14.646
14.651
14.637
14.616
14.617
14.611
14.591
14.590
14.596
14.598
14.606
14.613
14.583
14.586
14.579
14.573
14.550
14.558
14.547
14.558
14.563
14.559
14.581
14.554
14.566
14.552
14.554
14.555
14.553
14.545
14.556
14.549
14.551
14.541
14.541
14.534
14.534
14.541
14.516
14.518
14.526
14.520
14.521
14.520
14.525
14.522
14.527
14.521
14.521
14.507
14.509
14.503
14.493
14.497
14.508
