39.183
32.176
22.195
26.170
24.872
24.122
23.770
23.566
23.382
23.178
22.957
21.165
19.003
22.484
22.528
22.653
22.634
22.783
22.871
22.757
22.636
22.437
22.356
22.266
22.204
22.114
22.048
21.351
21.872
20.827
18.950
20.510
21.827
21.737
21.641
21.532
21.586
21.522
18.494
21.399
21.344
21.330
20.725
21.439
21.497
21.502
21.562
21.703
21.806
21.925
21.997
22.125
22.232
22.292
22.192
22.074
21.950
22.002
21.892
21.808
21.656
20.213
21.343
18.325
20.492
20.485
20.509
20.334
20.276
20.192
20.065
19.993
19.877
19.919
19.213
19.678
19.631
19.603
19.540
19.519
19.556
19.653
19.693
19.586
19.593
19.556
19.496
19.510
19.485
18.858
19.428
19.415
19.429
19.485
19.495
19.488
19.541
19.596
19.665
19.645
19.725
19.780
19.867
19.887
20.027
20.181
20.329
20.358
20.378
20.312
20.215
20.137
20.065
19.965
19.942
19.831
19.792
19.747
19.787
19.423
15.341
19.481
19.390
19.327
18.653
19.450
19.571
19.557
19.685
19.835
19.914
19.833
19.844
19.825
19.699
19.695
19.576
19.458
19.366
19.491
19.427
19.385
19.351
19.457
19.447
19.446
19.465
17.622
18.779
18.453
18.477
18.395
18.406
15.226
18.418
18.418
18.390
18.401
18.407
18.431
18.458
18.537
18.525
18.592
18.647
16.022
18.796
18.875
18.950
15.669
19.094
19.141
19.166
19.183
16.885
19.173
19.172
18.913
17.020
18.952
19.101
19.116
18.941
19.339
19.435
19.406
19.015
19.411
19.396
19.345
19.270
19.184
19.049
19.259
19.097
18.933
18.907
14.012
17.508
18.654
18.706
18.108
18.674
18.663
18.524
18.963
18.253
16.645
16.729
18.899
18.958
19.061
19.165
18.982
19.264
19.365
17.329
15.849
18.982
18.896
18.734
18.774
18.806
18.831
18.919
18.743
18.493
18.368
18.352
18.250
18.169
18.137
18.121
17.575
18.094
18.069
18.046
18.043
18.024
17.627
17.982
17.966
17.272
17.387
17.693
17.913
17.896
17.460
17.931
17.962
17.939
17.908
17.879
17.897
17.891
17.930
17.984
17.974
17.921
10.354
17.804
17.112
17.715
17.700
17.873
17.862
17.822
17.808
17.772
16.859
17.682
17.643
17.564
17.509
13.872
17.434
17.068
17.575
17.515
17.464
17.222
15.339
17.462
17.551
17.402
17.390
17.380
17.387
14.451
17.564
17.655
17.735
17.376
17.925
17.607
17.304
17.829
17.861
17.851
17.841
13.447
17.816
17.731
17.585
17.537
17.661
17.633
17.569
17.529
16.781
17.193
17.106
17.109
16.973
12.561
16.866
15.039
14.819
15.957
16.927
17.015
17.055
17.139
17.040
16.995
16.934
16.869
16.831
16.788
16.745
16.698
16.774
16.325
16.724
16.695
16.667
15.969
16.681
16.749
16.868
16.943
16.992
17.030
17.180
16.799
16.485
14.564
16.973
15.571
17.356
17.321
10.092
17.334
17.344
16.381
17.337
17.359
17.403
11.849
17.513
16.731
17.520
14.779
15.638
15.600
15.867
15.396
15.471
15.442
15.720
15.813
15.353
15.351
15.358
14.103
16.302
16.362
14.980
16.586
15.931
16.737
16.068
16.666
16.768
16.672
14.820
16.783
16.485
16.140
16.651
16.571
16.502
16.292
15.399
13.759
16.027
15.354
12.261
15.942
15.894
15.905
16.071
15.910
15.727
15.682
15.601
15.118
15.572
15.329
15.703
15.467
15.919
16.015
16.127
15.970
16.143
15.770
14.503
16.327
16.329
16.340
16.341
16.302
16.252
16.175
15.995
16.027
15.978
15.882
15.933
15.933
15.835
15.964
15.630
16.163
16.224
16.082
16.136
15.875
16.470
11.254
16.660
16.401
16.372
16.437
16.545
16.636
15.981
16.862
16.866
16.781
16.647
15.378
16.484
16.099
15.711
15.877
15.633
15.421
15.251
15.090
14.950
14.855
14.935
14.027
14.864
14.835
14.810
14.769
14.704
14.763
13.726
14.881
14.850
15.035
11.585
14.936
15.108
14.846
13.896
15.364
13.027
15.493
15.522
15.486
15.297
15.442
15.461
15.271
14.717
15.325
15.254
15.196
15.149
15.113
15.064
15.008
14.885
14.975
15.003
14.786
15.197
15.181
15.211
15.244
15.407
15.467
15.542
15.126
15.513
15.525
12.660
15.460
14.077
15.457
15.743
15.815
15.484
15.851
15.875
15.905
15.703
15.952
16.020
15.926
15.702
16.091
16.221
16.356
16.462
16.486
16.500
16.538
16.534
16.612
16.512
16.536
16.435
16.413
16.371
16.314
16.517
16.516
14.852
16.479
16.487
16.420
16.331
16.164
16.004
14.971
14.842
16.129
16.057
15.932
15.735
15.809
15.711
13.554
15.634
15.615
15.655
15.737
15.700
15.759
15.727
16.079
16.201
16.301
16.388
16.419
16.430
16.478
16.509
16.158
16.428
16.463
16.574
16.313
15.805
16.264
17.160
17.235
16.508
17.037
17.199
17.121
17.075
17.123
17.167
17.225
17.173
17.188
17.141
17.103
17.072
17.093
17.122
17.129
14.985
