39.183
32.176
27.362
26.170
24.872
24.122
23.770
23.566
23.382
23.178
22.957
21.165
21.053
22.506
22.551
22.653
22.634
22.783
22.876
22.757
22.636
22.437
22.356
22.266
22.204
22.119
22.050
21.616
21.908
17.906
21.188
20.485
21.661
21.554
21.449
21.349
21.394
21.308
18.516
21.154
21.091
21.063
20.581
21.142
21.187
21.162
21.184
21.242
21.342
21.329
21.341
21.384
21.486
21.531
21.449
21.362
21.266
21.294
21.233
21.233
21.202
20.254
21.092
18.799
20.377
20.344
20.348
20.211
20.155
20.112
20.013
19.947
19.841
19.904
19.230
19.646
19.602
19.574
19.518
19.504
19.552
19.670
19.717
19.607
19.619
19.587
19.534
19.560
19.540
18.981
19.484
19.457
19.473
19.526
19.606
19.539
19.604
19.662
19.736
19.696
19.791
19.846
19.932
19.933
20.032
20.109
20.179
20.155
20.176
20.056
19.952
19.882
19.836
19.769
19.722
19.649
19.600
19.551
19.486
19.252
15.388
19.314
19.230
19.164
18.553
19.297
19.416
19.407
19.539
19.679
19.762
19.690
19.707
19.700
19.580
19.563
19.441
19.321
19.226
19.338
19.269
19.228
19.198
19.286
19.274
19.271
19.286
17.421
18.562
18.216
18.240
18.178
18.186
15.135
18.196
18.195
18.169
18.180
18.186
18.208
18.234
18.311
18.300
18.360
18.411
15.906
18.549
18.618
18.681
15.566
18.816
18.874
18.921
18.961
16.792
18.975
18.981
18.738
16.935
18.789
18.932
18.956
18.798
19.180
19.284
19.263
18.897
19.271
19.255
19.211
19.142
19.063
18.931
19.139
18.965
18.816
18.799
13.982
17.426
18.546
18.598
18.017
18.568
18.562
18.444
18.862
18.178
16.599
16.756
18.793
18.850
18.955
19.063
18.899
19.168
19.271
17.302
15.841
19.327
19.242
19.371
19.331
19.249
19.194
19.029
18.874
18.704
18.596
18.556
18.462
18.385
18.351
18.319
17.844
18.304
18.293
18.284
18.287
18.290
17.976
18.290
18.286
17.665
17.769
18.027
18.221
18.205
17.996
18.157
18.207
18.197
18.162
18.165
18.162
18.169
18.174
18.252
18.248
18.199
10.727
18.084
17.516
18.053
18.046
18.178
18.180
18.151
18.139
18.106
17.259
18.024
17.997
17.943
17.905
14.342
17.841
17.507
17.931
17.874
17.827
17.637
15.803
17.841
17.923
17.811
17.812
17.811
17.834
14.940
18.026
18.106
18.164
17.860
18.329
18.050
17.727
18.241
18.256
18.233
18.211
13.901
18.163
18.080
17.934
17.885
17.973
17.933
17.857
17.794
17.106
17.465
17.371
17.345
17.204
12.877
17.076
15.337
15.132
16.255
17.036
17.112
17.186
17.241
17.194
17.142
17.084
17.028
17.129
17.077
16.978
16.950
16.912
16.543
16.950
16.958
16.956
16.311
16.976
17.043
17.163
17.167
17.136
17.104
17.044
16.762
16.450
14.600
16.981
15.718
17.424
17.298
10.255
17.303
17.330
16.481
17.343
17.364
17.374
11.979
17.453
16.720
17.477
14.932
15.794
15.758
16.032
15.571
15.648
15.616
15.710
15.769
15.353
15.188
15.239
14.172
16.197
16.280
14.902
16.525
15.901
16.735
16.520
16.751
16.888
16.817
14.937
16.994
16.693
16.309
16.838
16.734
16.647
16.411
15.470
13.788
16.095
15.400
12.266
15.976
15.926
15.945
15.956
15.891
15.777
15.705
15.622
14.702
15.566
15.290
15.633
15.368
15.834
15.936
16.039
15.881
16.049
15.688
14.423
16.248
16.246
16.242
16.249
16.225
16.197
16.128
15.964
16.016
15.984
15.887
15.947
15.951
15.931
16.066
15.669
16.255
16.336
16.178
16.270
16.017
16.675
11.365
16.889
16.568
16.452
16.521
16.655
16.721
16.040
16.928
16.931
16.844
16.703
15.411
16.530
16.136
15.746
15.905
15.655
15.436
15.260
15.126
14.948
14.844
14.911
13.987
14.828
14.794
14.783
14.773
14.736
14.792
13.745
14.903
14.865
15.054
11.595
14.971
15.146
14.661
13.732
15.260
12.946
15.412
15.457
15.452
15.263
15.411
15.433
15.245
14.690
15.318
15.244
15.184
15.138
15.098
15.047
14.991
14.868
14.958
15.037
14.767
15.190
15.180
15.212
15.251
15.417
15.478
15.557
15.124
15.783
15.551
12.645
15.497
14.070
15.474
15.764
15.870
15.464
15.795
15.795
15.800
15.589
15.844
15.914
15.819
15.600
15.992
16.118
16.250
16.358
16.382
16.408
16.528
16.477
16.505
16.403
16.438
16.351
16.331
16.294
16.234
16.438
16.429
14.778
16.423
16.430
16.352
16.190
16.034
15.947
14.931
14.751
16.017
15.937
15.814
15.643
15.701
15.602
13.517
15.540
15.559
15.538
15.608
15.554
15.536
15.529
15.832
15.946
16.055
16.157
16.206
16.226
16.278
16.325
16.026
16.311
16.363
16.487
16.280
15.726
16.150
17.116
17.195
16.465
16.987
17.156
17.081
17.040
17.084
17.094
17.186
17.147
17.174
17.127
17.099
17.077
17.073
17.089
17.077
14.900
