36.796
27.891
24.659
22.672
19.276
18.161
20.232
22.343
19.224
16.154
16.600
16.829
17.985
18.441
17.553
15.966
15.407
15.419
15.239
15.474
16.284
19.140
19.930
19.406
18.328
16.550
15.525
15.061
14.786
14.809
15.332
15.394
15.178
15.176
15.019
14.858
14.876
14.724
14.567
14.557
14.595
14.653
14.733
14.922
14.776
14.430
14.653
14.661
14.455
14.527
14.528
14.615
14.643
14.552
14.536
14.514
14.395
14.323
14.299
14.250
14.257
14.262
14.300
14.351
14.346
14.379
14.393
14.306
14.297
14.240
14.211
14.206
14.225
14.204
14.179
14.179
14.156
14.130
14.126
14.127
14.096
14.045
14.000
13.984
13.990
14.038
14.015
14.025
14.026
13.993
13.980
13.990
13.969
13.939
13.942
13.944
13.949
13.965
13.978
13.976
13.981
13.982
13.961
13.933
13.895
13.892
13.893
13.872
13.903
13.895
13.908
13.900
13.890
13.883
13.904
13.894
13.834
13.829
13.828
13.831
13.837
13.811
13.816
13.817
13.802
13.774
13.767
13.764
13.783
13.785
13.789
13.801
13.792
13.799
13.793
13.797
13.785
13.778
13.764
13.811
13.829
13.869
13.777
13.707
13.711
13.724
13.740
13.762
13.755
13.757
13.735
13.746
13.756
13.688
13.682
13.678
13.644
13.647
13.642
13.662
13.644
13.646
13.675
13.684
13.665
13.679
13.656
13.672
13.639
13.642
13.608
13.606
13.606
13.597
13.611
13.610
13.592
13.567
13.562
13.526
13.520
13.525
13.505
13.527
13.558
13.572
13.558
13.566
13.579
13.545
13.508
13.456
13.443
13.469
13.476
13.467
13.462
13.475
13.466
13.454
13.435
13.392
13.407
13.413
13.391
13.399
13.398
13.394
13.395
13.398
13.394
13.399
13.410
13.406
13.395
13.396
13.408
13.422
13.400
13.402
13.411
13.404
13.409
13.411
13.409
13.432
13.411
13.403
13.401
13.386
13.402
13.400
13.409
13.400
13.404
13.405
13.379
13.380
13.367
13.369
13.371
13.385
13.402
13.393
13.399
13.414
13.420
13.444
13.415
13.398
13.405
13.416
13.436
13.429
13.445
13.452
13.456
13.476
13.479
13.469
13.489
13.520
13.506
13.513
13.536
13.537
13.541
13.544
13.543
13.540
13.550
13.564
13.558
13.584
13.569
13.576
13.588
13.591
13.596
13.602
13.602
13.602
13.605
13.609
13.601
13.629
13.636
13.648
13.643
13.655
13.663
13.665
13.645
13.645
13.634
13.620
13.616
13.607
13.590
13.595
13.603
13.593
13.588
13.582
13.578
13.600
13.581
13.564
13.582
13.590
13.662
13.679
13.671
13.687
13.650
13.655
13.639
13.654
13.601
13.627
13.596
13.598
13.593
13.592
13.583
13.594
13.580
13.581
13.559
13.571
13.541
13.545
13.565
13.621
13.584
13.614
13.601
13.607
13.583
13.589
13.575
13.592
13.570
13.574
13.607
13.622
13.596
13.591
13.609
13.615
13.581
13.609
13.602
13.597
13.593
13.598
13.603
13.607
13.607
13.593
13.577
13.577
13.575
13.589
13.566
13.579
13.572
13.565
13.565
13.576
13.562
13.572
13.556
13.544
13.533
13.544
13.551
13.537
13.555
13.556
13.573
13.578
13.568
13.584
13.564
13.585
13.558
13.558
13.559
13.559
13.565
13.561
13.617
13.632
13.590
13.588
13.589
13.576
13.574
13.563
13.569
13.559
13.554
13.565
13.548
13.558
13.570
13.571
13.570
13.592
13.575
13.568
13.566
13.559
13.565
13.559
13.554
13.558
13.563
13.555
13.565
13.580
13.569
13.563
13.547
13.547
13.544
13.531
13.531
13.521
13.530
13.515
13.500
13.503
13.508
13.504
13.483
13.481
13.468
13.469
13.461
13.475
13.479
13.491
13.506
13.498
13.481
13.476
13.465
13.471
13.454
13.461
13.469
13.482
13.468
13.466
13.451
13.443
13.435
13.437
13.411
13.430
13.404
13.383
13.394
13.406
13.428
13.475
13.434
13.454
13.429
13.433
13.445
13.440
13.429
13.443
13.450
13.437
13.434
13.435
13.442
13.442
13.439
13.428
13.428
13.421
13.415
13.422
13.418
13.426
13.422
13.422
13.419
13.441
13.418
13.429
13.428
13.431
13.437
13.475
13.477
13.466
13.456
13.443
13.442
13.445
13.423
13.427
13.420
13.417
13.441
13.453
13.425
13.445
13.436
13.446
13.445
13.414
13.421
13.418
13.411
13.413
13.401
13.419
13.419
13.402
13.402
13.396
13.391
13.379
13.384
13.379
13.383
13.378
13.373
13.355
13.370
13.355
13.344
13.340
13.343
13.349
13.349
13.441
13.402
13.388
13.417
13.413
13.395
13.424
13.414
13.427
13.413
13.402
13.410
13.396
13.379
13.372
13.376
13.384
13.370
13.392
13.397
13.446
13.432
13.437
13.469
13.445
13.407
13.444
13.418
13.425
13.414
13.410
13.402
13.399
13.391
13.399
13.387
13.392
13.384
13.388
13.391
13.394
13.384
13.382
13.365
13.364
13.342
13.338
13.334
13.338
13.320
13.316
13.310
13.294
13.293
13.288
13.293
13.285
