39.183
32.176
27.362
26.170
24.872
24.122
23.770
23.566
23.382
23.178
22.957
21.165
21.053
22.506
22.551
22.653
22.635
22.778
22.887
22.903
22.759
22.535
22.426
22.386
22.318
22.221
22.147
21.439
21.823
20.905
18.966
20.584
21.911
21.814
21.722
21.588
21.636
21.558
18.511
21.443
21.377
21.353
20.746
21.455
21.513
21.502
21.536
21.619
21.713
21.763
21.809
21.917
22.050
22.094
22.018
21.929
21.838
21.913
21.846
21.808
21.728
20.335
21.503
18.462
20.697
20.674
20.676
20.447
20.386
20.304
20.206
20.107
19.981
19.895
19.199
19.756
19.708
19.676
19.613
19.593
19.637
19.745
19.792
19.680
19.694
19.651
19.597
19.612
19.592
18.951
19.529
19.504
19.516
19.575
19.575
19.571
19.647
19.706
19.783
19.737
19.832
19.873
19.958
19.967
20.091
20.213
20.331
20.326
20.375
20.235
20.131
20.060
19.994
19.912
19.855
19.798
19.758
19.709
19.645
19.399
15.331
19.480
19.396
19.338
18.661
19.458
19.572
19.556
19.684
19.828
19.904
19.822
19.828
19.805
19.675
19.664
19.545
19.430
19.339
19.457
19.393
19.354
19.324
19.423
19.406
19.400
19.423
17.648
18.530
18.469
18.496
18.414
18.430
15.243
18.442
18.441
18.411
18.423
18.429
18.453
18.484
18.522
18.555
18.617
18.665
16.036
18.806
18.884
18.958
15.681
19.108
19.168
19.208
19.240
16.928
19.232
19.224
18.961
17.060
18.989
19.132
19.146
18.965
19.365
19.460
19.432
19.035
19.431
19.412
19.363
19.286
19.201
19.067
19.081
18.916
18.793
18.761
14.055
17.459
18.555
18.855
18.209
18.689
18.665
18.514
18.932
18.251
16.681
16.736
18.842
18.896
19.003
19.214
19.036
19.232
19.319
17.325
15.869
19.265
19.201
18.718
18.752
18.992
18.986
18.924
18.794
18.513
18.416
18.374
18.288
18.213
18.186
18.166
17.645
18.133
18.112
18.245
18.205
18.135
17.745
18.062
18.039
17.377
17.501
17.796
18.009
17.996
16.623
17.977
18.049
18.052
18.027
18.020
18.021
18.027
18.030
18.031
18.047
18.056
10.505
17.946
17.297
18.083
18.047
18.071
18.050
17.951
17.907
17.834
16.934
17.717
17.688
17.622
17.591
14.055
17.543
17.187
17.673
17.636
17.609
17.408
15.563
17.627
17.703
17.577
17.563
17.545
17.554
14.637
17.716
17.809
17.889
17.572
18.032
17.795
17.490
17.990
18.001
17.982
17.970
13.635
17.944
17.862
17.718
17.668
17.773
17.740
17.676
17.935
17.164
17.556
17.469
17.422
17.270
12.848
17.126
15.651
15.099
16.233
17.092
17.196
17.292
17.357
17.272
17.221
17.151
17.133
17.053
17.024
16.992
16.957
16.929
16.529
16.940
16.924
16.924
16.209
16.924
16.996
17.064
17.081
17.030
16.895
16.931
16.643
16.348
14.501
16.907
15.590
17.410
17.265
10.117
17.230
17.236
16.323
17.237
17.257
17.278
11.837
17.372
16.635
17.435
14.808
15.672
15.633
15.900
15.432
15.508
15.477
15.574
15.636
15.221
15.050
15.101
14.054
16.056
16.125
14.760
16.364
15.736
16.556
15.903
16.528
16.645
16.560
14.708
16.700
16.391
16.385
16.847
16.675
16.580
16.339
15.425
13.783
16.041
15.348
12.239
15.902
15.852
15.926
15.883
15.881
15.718
15.638
15.546
14.629
15.492
15.214
15.552
15.298
15.745
15.851
15.956
15.806
15.969
15.616
14.373
16.162
16.170
16.167
16.154
16.126
16.102
16.035
15.871
15.929
15.886
15.801
15.863
15.860
15.764
15.892
15.592
16.173
16.268
16.126
16.212
15.955
16.569
11.321
16.784
16.491
16.416
16.480
16.581
16.659
16.004
16.871
16.872
16.753
16.651
15.384
16.491
16.098
15.704
15.864
15.620
15.404
15.406
15.180
14.991
14.865
14.915
14.002
14.849
14.825
14.818
14.811
14.772
14.827
13.792
14.936
14.904
15.095
11.626
15.020
15.205
14.722
13.796
15.315
12.999
15.472
15.508
15.490
15.303
15.451
15.474
15.291
14.741
15.367
15.290
15.224
15.174
15.134
15.088
15.037
14.918
15.006
15.034
14.811
15.227
15.212
15.245
15.288
15.460
15.526
15.607
15.296
15.887
15.633
12.723
15.560
14.125
15.544
15.832
15.900
15.558
15.929
15.938
15.955
15.745
15.999
16.072
15.975
15.915
16.142
16.272
16.409
16.520
16.543
16.559
16.588
16.579
16.658
16.563
16.594
16.498
16.482
16.452
16.416
16.649
16.642
14.939
16.597
16.603
16.536
16.371
16.199
16.099
15.074
14.903
16.194
16.122
15.969
15.757
15.828
15.739
15.071
15.655
15.635
15.668
15.735
15.687
15.679
15.683
16.000
16.106
16.196
16.279
16.316
16.357
16.426
16.476
16.176
16.462
16.526
16.673
16.435
15.835
16.268
17.249
17.317
16.578
17.074
17.253
17.170
17.167
17.226
17.245
17.322
17.258
17.269
17.217
17.181
17.165
17.164
17.196
17.205
14.941
